nan
nan
nan
nan
nan
nan
nan
nan
nan
nan
nan
nan
nan
nan
nan
nan
nan
nan
nan
nan
nan
nan
nan
nan
nan
nan
nan
nan
nan
nan
nan
nan
nan
nan
nan
nan
nan
nan
nan
nan
nan
nan
nan
nan
nan
nan
nan
nan
nan
nan
nan
nan
nan
nan
8.693979266499259495e+01
8.821005389993096912e+01
8.934085729772982631e+01
9.031843103645793747e+01
9.113526165813338764e+01
9.179033607681556362e+01
9.228914474886830988e+01
9.264344515521806045e+01
9.287079304384459988e+01
9.299385694081379938e+01
9.303953898716252979e+01
9.303793194111788978e+01
9.302114797025802773e+01
9.302205944936390836e+01
9.307299521982710644e+01
9.320443754370811007e+01
9.344376523697967230e+01
9.381408718034094818e+01
9.433320762197703857e+01
9.501276049474286367e+01
9.585754450771153756e+01
9.686508421881433151e+01
9.802543486811669027e+01
9.932124069635773367e+01
1.007280480582876550e+02
1.022148661450420803e+02
1.037449598373342923e+02
1.052768513983038190e+02
1.067655006425010384e+02
1.081636271224652290e+02
1.094231329611858428e+02
1.104965813928740204e+02
1.113386839767623258e+02
1.119077488912776204e+02
1.121670437199993700e+02
1.120860286756004456e+02
1.116414201919358788e+02
1.108180501179303121e+02
1.096094921964246112e+02
1.080184348951045621e+02
1.060567877324408812e+02
1.037455167436126828e+02
1.011142133799174019e+02
9.820040964556558549e+01
9.504866036801236362e+01
9.170942090598377661e+01
8.823775507976598931e+01
8.469191344862501580e+01
8.113182608579427324e+01
7.761755658136446812e+01
7.420776505471697249e+01
7.095822744868213761e+01
6.792045632700521196e+01
6.514046487568207056e+01
6.265771093674231906e+01
6.050425184424815228e+01
5.870413379001438159e+01
5.727303165658764783e+01
5.621814697763363000e+01
5.553836319716570813e+01
5.522464898170367320e+01
5.526069227333373846e+01
5.562374032444120786e+01
5.628561437318330007e+01
5.721386211983277548e+01
5.837300692866954677e+01
5.972584984628566929e+01
6.123477918601452785e+01
6.286304262056841452e+01
6.457593844026575880e+01
6.634188581076182345e+01
6.813333839131003344e+01
6.992751139637357483e+01
7.170689890400430500e+01
7.345956570453448364e+01
7.517920598783224762e+01
7.686496941456775289e+01
7.852106332655976928e+01
8.015614774465731784e+01
8.178254711187298653e+01
8.341530921647958507e+01
8.507114715446250841e+01
8.676730437850750377e+01
8.852038568868894686e+01
9.034519835178666369e+01
9.225364734499693498e+01
9.425372701033215606e+01
9.634864823401625245e+01
9.853613573580000207e+01
1.008079243172962265e+02
1.031494761679156369e+02
1.055399337879091206e+02
1.079523150133625791e+02
1.103539482890971470e+02
1.127071380129487466e+02
1.149700417493942979e+02
1.170977336530258697e+02
1.190434218054585500e+02
1.207597815783563675e+02
1.222003627812541566e+02
1.233210253855977925e+02
1.240813571397224564e+02
1.244460264575654520e+02
1.243860255795649579e+02
1.238797621186512146e+02
1.229139616187192416e+02
1.214843495219666067e+02
1.195960877775206939e+02
1.172639490036864913e+02
1.145122193883968293e+02
1.113743301055541224e+02
1.078922256564696625e+02
1.041154859315162469e+02
1.001002266512750367e+02
9.590780992979090058e+01
9.160340277164952738e+01
8.725442616948041064e+01
8.292894094929025073e+01
7.869401850327166414e+01
7.461414498813647356e+01
7.074970643771150947e+01
6.715559957944257974e+01
6.388000904408421832e+01
6.096338625232334607e+01
5.843765873056683802e+01
5.632569116689968780e+01
5.464101141345560109e+01
5.338780614099839994e+01
5.256118223602101125e+01
5.214768158419808941e+01
5.212602888461982076e+01
5.246808484966950203e+01
5.313997080446212351e+01
5.410332551428450643e+01
5.531665120652602496e+01
5.673670333886754236e+01
5.831987777327605471e+01
6.002354967000920993e+01
6.180732059008763457e+01
6.363413391057309809e+01
6.547122358848490364e+01
6.729086738651743360e+01
6.907092268903990373e+01
7.079513075126359922e+01
7.245318337599438507e+01
7.404055432484797450e+01
7.555810596299389204e+01
7.701148943165318883e+01
7.841036377765487941e+01
7.976746570382820778e+01
8.109756672791708354e+01
8.241635837870418868e+01
8.373930848714259412e+01
8.508053256622538640e+01
8.645172368518326778e+01
8.786118215192941250e+01
8.931298279373635296e+01
9.080631278954899699e+01
9.233500702203876642e+01
9.388730098625336495e+01
9.544581364929803158e+01
9.698776456083254516e+01
9.848542124168943701e+01
9.990676470827484934e+01
1.012163532011124687e+02
1.023763570419731224e+02
1.033477312891653668e+02
1.040914877088569597e+02
1.045700237091046887e+02
1.047484634272071276e+02
1.045959652073924957e+02
1.040869502917952474e+02
1.032022096586993456e+02
1.019298495125650135e+02
1.002660408458755654e+02
9.821554459362269540e+01
9.579199098767396947e+01
9.301789955745580585e+01
8.992443455692726673e+01
8.655089915037810044e+01
8.294398017806119583e+01
7.915676346563824950e+01
7.524754716850266334e+01
7.127848730293777635e+01
6.731411518888289436e+01
6.341977082774832297e+01
5.965999911922208554e+01
5.609695718617869886e+01
5.278888087958174680e+01
4.978865678031742448e+01
4.714254275842404240e+01
4.488907549812331155e+01
4.305819750155862380e+01
4.167062913849814265e+01
4.073750354151566455e+01
4.026027381152292151e+01
4.023089337088986639e+01
4.063226166423215346e+01
4.143891904390679315e+01
4.261796686271973300e+01
4.413018178631578792e+01
4.593128736132300105e+01
4.797334112720884747e+01
5.020619219369989139e+01
5.257896232921940793e+01
5.504150327725213288e+01
5.754578424352209964e+01
6.004716623239784923e+01
6.250552406094007551e+01
6.488618230151109856e+01
6.716063791477704115e+01
6.930704971421693017e+01
7.131048280229487091e+01
7.316290446839143158e+01
7.486293645930928164e+01
7.641537674265416058e+01
7.783051160716566130e+01
7.912324592435393811e+01
8.031208540010466379e+01
8.141800947383012499e+01
8.246327701654503528e+01
8.347020902323671976e+01
8.445999302320520030e+01
8.545155292979552542e+01
8.646052555472772383e+01
8.749838110884365960e+01
8.857171983461716991e+01
8.968177064303434065e+01
9.082411047209254207e+01
9.198861528944627253e+01
9.315964549237976655e+01
9.431646019160446315e+01
9.543384678192938964e+01
9.648294457704749050e+01
9.743223437657117358e+01
9.824865987603111250e+01
9.889884202786826961e+01
9.935034397777279480e+01
9.957294215603847931e+01
9.953985856954074052e+01
9.922891033739193745e+01
9.862353501166272451e+01
9.771365414267465610e+01
9.649634275735351707e+01
9.497627874655590574e+01
9.316595339293317579e+01
9.108563217382058497e+01
8.876306328014723590e+01
8.623293972486882808e+01
8.353612919070327791e+01
8.071869360957570905e+01
7.783072761181514920e+01
7.492505119133825531e+01
7.205579699430570884e+01
6.927693638151156108e+01
6.664079071125715359e+01
6.419657505989128765e+01
6.198902081251603846e+01
6.005712123924440959e+01
5.843304039655258464e+01
5.714122058099117396e+01
5.619771728065479266e+01
5.560978332422952519e+01
5.537571595620945430e+01
5.548497213233786596e+01
5.591854870939951638e+01
5.664961568239250056e+01
5.764438248094440098e+01
5.886316984421974041e+01
6.026165319669035370e+01
6.179223796356031784e+01
6.340552307502272811e+01
6.505180615065899019e+01
6.668258261948669485e+01
6.825199135726353461e+01
6.971816129872352974e+01
7.104441684514121391e+01
7.220030462441971508e+01
7.316241011370701131e+01
7.391493960507791883e+01
7.445005075117738613e+01
7.476792321214232118e+01
7.487656946255219736e+01
7.479139432444645763e+01
7.453451998774650633e+01
7.413390089159594254e+01
7.362225961778393923e+01
7.303588066723011707e+01
7.241330346469742096e+01
7.179395901942044134e+01
7.121679626074670466e+01
7.071894411860883167e+01
7.033445393059383832e+01
7.009316378384571067e+01
7.001972204388907528e+01
7.013280173264180917e+01
7.044453078441149785e+01
7.096015575625509086e+01
7.167794854958094675e+01
7.258935738385038405e+01
7.367939493089181724e+01
7.492724845012428148e+01
7.630708923221050100e+01
7.778905191440951228e+01
7.934034850157038932e+01
8.092647740443247528e+01
8.251248464310600639e+01
8.406423266398336125e+01
8.554963203926311621e+01
