nan
nan
nan
nan
nan
nan
nan
nan
nan
nan
nan
nan
nan
nan
nan
nan
nan
nan
nan
nan
nan
nan
nan
nan
nan
nan
nan
nan
nan
nan
nan
nan
nan
nan
nan
nan
nan
nan
nan
nan
nan
nan
nan
nan
nan
nan
nan
nan
nan
nan
nan
nan
nan
nan
1.491163401912894244e+02
1.501102971863846847e+02
1.511547475108644676e+02
1.522066038174379230e+02
1.532228764811120811e+02
1.541625866624386560e+02
1.549886279090216874e+02
1.556694881164243043e+02
1.561807480217404986e+02
1.565062807162571801e+02
1.566390886336052120e+02
1.565817296225091297e+02
1.563463014235913420e+02
1.559539733872204295e+02
1.554340747498897599e+02
1.548227693281309598e+02
1.541613661709199050e+02
1.534943336350683865e+02
1.528670996760695857e+02
1.523237331416168843e+02
1.519046089123484933e+02
1.516441634121221114e+02
1.515688460501492045e+02
1.516953664997116107e+02
1.520293275071698531e+02
1.525643185060008307e+02
1.532815272187362723e+02
1.541499053696088026e+02
1.551269014492365272e+02
1.561597491245803724e+02
1.571872753963068590e+02
1.581421690212820010e+02
1.589536280715396117e+02
1.595502867613184890e+02
1.598633067042060247e+02
1.598295072830743493e+02
1.593944043698494966e+02
1.585150265611900409e+02
1.571623835205355704e+02
1.553234718282615461e+02
1.530027196030316645e+02
1.502227915140406083e+02
1.470246999025092407e+02
1.434671946482422129e+02
1.396254330957088712e+02
1.355889606439639579e+02
1.314590613097847154e+02
1.273455645005654731e+02
1.233632182421329873e+02
1.196277591565495300e+02
1.162518246810011391e+02
1.133408626500590373e+02
1.109891969352319592e+02
1.092764050929495738e+02
1.082641549139443953e+02
1.079936316500939881e+02
1.084836670266620047e+02
1.097296556697345409e+02
1.117033152384049259e+02
1.143533144677560642e+02
1.176067597484647251e+02
1.213714971171604873e+02
1.255391539596719213e+02
1.299888146595459659e+02
1.345911980967036072e+02
1.392131834218956214e+02
1.437225148275370543e+02
1.479925068103497097e+02
1.519065691307060320e+02
1.553623754997948936e+02
1.582755118678005886e+02
1.605824586609519429e+02
1.622427857691953932e+02
1.632404686190785981e+02
1.635842671644377901e+02
1.633071458057782479e+02
1.624647497015244824e+02
1.611329901879866213e+02
1.594048275992649906e+02
1.573863722439105857e+02
1.551924523312809754e+02
1.529418200892438620e+02
1.507521832287565928e+02
1.487352575928842953e+02
1.469920378615409220e+02
1.456084764519501107e+02
1.446517464489624558e+02
1.441672430116742873e+02
1.441764500113745271e+02
1.446757656956582707e+02
1.456363441974728516e+02
1.470049701387206937e+02
1.487059429535012782e+02
1.506439074685339676e+02
1.527075293121938557e+02
1.547738793924678191e+02
1.567133623702204659e+02
1.583950009525798635e+02
1.596918719014438466e+02
1.604864815781303662e+02
1.606758690068122064e+02
1.601762328949502319e+02
1.589268955310079434e+02
1.568934404034219767e+02
1.540698908689278142e+02
1.504798330982670791e+02
1.461764264785214777e+02
1.412412871218571411e+02
1.357822734802891205e+02
1.299302456110085018e+02
1.238349097145305109e+02
1.176598956034516021e+02
1.115772453276080540e+02
1.057615150629586935e+02
1.003837086028005245e+02
9.560526870134997068e+01
9.157235176337093208e+01
8.841060193813974877e+01
8.622062288878288427e+01
8.507432002296602036e+01
8.501225374453795780e+01
8.604210654053602525e+01
8.813832489541699999e+01
9.124295272920834066e+01
9.526762799409861771e+01
1.000966699748623938e+02
1.055911434289819368e+02
1.115937485785643304e+02
1.179343545709868692e+02
1.244359695813769662e+02
1.309209241920189299e+02
1.372170367000586282e+02
1.431635298921657409e+02
1.486164785552616081e+02
1.534535851943686282e+02
1.575781074007862799e+02
1.609217930524224869e+02
1.634467177660477830e+02
1.651459612773529386e+02
1.660431040616235805e+02
1.661905707960251846e+02
1.656668914496697766e+02
1.645729921594498251e+02
1.630276650083797847e+02
1.611623969423032747e+02
1.591157621424323168e+02
1.570275982927330176e+02
1.550331947311829595e+02
1.532577191755175363e+02
1.518110996353464088e+02
1.507835596733458488e+02
1.502419790937261155e+02
1.502272194473507625e+02
1.507525157358184345e+02
1.518029938618105064e+02
1.533363293459134127e+02
1.552845183280362278e+02
1.575566886254550809e+02
1.600428383066324329e+02
1.626183534182177084e+02
1.651491265501836949e+02
1.674970749858682950e+02
1.695258421275501348e+02
1.711064592716857362e+02
1.721227468577167201e+02
1.724762449184847526e+02
1.720904811738953981e+02
1.709144112734545615e+02
1.689248980653423189e+02
1.661281341661882323e+02
1.625599530531160326e+02
1.582850167929168208e+02
1.533949116893507210e+02
1.480052248933180579e+02
1.422517137700919818e+02
1.362857140672023490e+02
1.302689613737647960e+02
1.243680219384824710e+02
1.187485428247303503e+02
1.135695371361598802e+02
1.089779174751923136e+02
1.051034800552837822e+02
1.020545234490316204e+02
9.991426058791836340e+01
9.873815137017848542e+01
9.855224733751425958e+01
9.935260077701444459e+01
1.011057498334689342e+02
1.037502503737271837e+02
1.071991860128195668e+02
1.113435514026747200e+02
1.160563719785088068e+02
1.211973970508894070e+02
1.266181833886797108e+02
1.321673739591744265e+02
1.376959716852460076e+02
1.430624110491347665e+02
1.481372409167030924e+02
1.528072495776026756e+02
1.569788869264065170e+02
1.605808679383935385e+02
1.635658749151864413e+02
1.659113120361597851e+02
1.676191031053540712e+02
1.687145605502408046e+02
1.692443892526018487e+02
1.692739212997692277e+02
1.688837059991291483e+02
1.681656024461806282e+02
1.672185387458569608e+02
1.661441120812895065e+02
1.650422069004451373e+02
1.640068045283573497e+02
1.631221467702381460e+02
1.624593990740154084e+02
1.620739363371438628e+02
1.620033474474197988e+02
1.622662242830550667e+02
1.628617684241025643e+02
1.637702155726580600e+02
1.649540449826246800e+02
1.663599103590937318e+02
1.679212009071166847e+02
1.695611175537855502e+02
1.711961307184862164e+02
1.727396730316366700e+02
1.741059135311473938e+02
1.752134592745175894e+02
1.759888359128853210e+02
1.763696102520775071e+02
1.763070346129129007e+02
1.757681141306482857e+02
1.747370230614973252e+02
1.732158236214892213e+02
1.712244697129691531e+02
1.688001069032643500e+02
1.659957080273742065e+02
1.628781096715416368e+02
1.595255375424668500e+02
1.560247274686424817e+02
1.524677628259803441e+02
1.489487580444732373e+02
1.455605212726395621e+02
1.423913272173994358e+02
1.395219238310430967e+02
1.370228842913912217e+02
1.349523992181255210e+02
1.333545840561092461e+02
1.322583539355549931e+02
1.316768940813539075e+02
1.316077290308870715e+02
1.320333695768191262e+02
1.329224934847779309e+02
1.342315955702815131e+02
1.359070254606802166e+02
1.378873179711171417e+02
1.401057119671931446e+02
1.424927491561112163e+02
1.449788445249374433e+02
1.474967250088943160e+02
1.499836421096775325e+02
1.523832771014962759e+02
1.546472735152092639e+02
1.567363500097348492e+02
1.586209666680652219e+02
1.602815382865031779e+02
1.617082084447033026e+02
1.629002171660326042e+02
1.638649119869421611e+02
1.646164665383691386e+02
1.651743817229996125e+02
1.655618518278188276e+02
1.658040811934326939e+02
1.659266363038561281e+02
1.659539134790235266e+02
1.659077940383864416e+02
1.658065473086313375e+02
1.656640277605129938e+02
1.654891965775616427e+02
1.652859808586176200e+02
1.650534662538619841e+02
1.647864019514425422e+02
1.644759813571132838e+02
1.641108482622057636e+02
1.636782673948362685e+02
1.631653904866359142e+02
1.625605447040605043e+02
1.618544696669125642e+02
1.610414323130874550e+02
1.601201554028554881e+02
1.590945051606565812e+02
1.579738959527354609e+02
1.567733843952821076e+02
1.555134411831344039e+02
1.542194054614115828e+02
1.529206429394313602e+02
1.516494443818796469e+02
1.504397148627589047e+02
1.493255155660299920e+02
1.483395284033717871e+02
1.475115188678425966e+02
1.468668740796894667e+02
1.464252908010781198e+02
1.461996823665240584e+02
1.461953642321011273e+02
1.464095655865735921e+02
1.468312997325438118e+02
1.474416093966653989e+02
1.482141855169201108e+02
