nan
nan
nan
nan
nan
nan
nan
nan
nan
nan
nan
nan
nan
nan
nan
nan
nan
nan
nan
nan
nan
nan
nan
nan
nan
nan
nan
nan
nan
nan
nan
nan
nan
nan
nan
nan
nan
nan
nan
nan
nan
nan
nan
nan
nan
nan
nan
nan
nan
nan
nan
nan
nan
nan
7.096256844212308579e+01
7.122564456358516338e+01
7.114192699589733593e+01
7.071191242079135009e+01
6.994569080674779116e+01
6.886247977851483881e+01
6.748988437498562121e+01
6.586290893719731798e+01
6.402275576841513782e+01
6.201545192882523594e+01
5.989035084826547717e+01
5.769855918862545963e+01
5.549134144269897462e+01
5.331855505468276135e+01
5.122716738423867611e+01
4.925990266496773273e+01
4.745406234017779923e+01
4.584055595808626293e+01
4.444317238691427718e+01
4.327811272009927990e+01
4.235379716757371682e+01
4.167094877776927575e+01
4.122294732599630152e+01
4.099643745894361047e+01
4.097216651386612085e+01
4.112601962654554910e+01
4.143021306686359395e+01
4.185460141914088439e+01
4.236805043486180722e+01
4.293982525491319535e+01
4.354094329795483986e+01
4.414544245363193653e+01
4.473151825792070468e+01
4.528248835967136898e+01
4.578754865536018315e+01
4.624229276772192776e+01
4.664897482627408465e+01
4.701650449345691385e+01
4.736017256501303052e+01
4.770111493944254732e+01
4.806553197800882060e+01
4.848368895069167905e+01
4.898873108980028945e+01
4.961535348493833908e+01
5.039837142104941137e+01
5.137124060059928610e+01
5.256457886788601286e+01
5.400474148991733614e+01
5.571250072442872892e+01
5.770187736058701233e+01
5.997916724860778004e+01
6.254219969233353993e+01
6.537985716472466891e+01
6.847187736403223823e+01
7.178894943673793705e+01
7.529310655625506854e+01
7.893840728335052859e+01
8.267188856947416298e+01
8.643476421580155034e+01
9.016383437026328806e+01
9.379306450686409846e+01
9.725528652500564419e+01
1.004839703262441759e+02
1.034150116164716309e+02
1.059884808321952221e+02
1.081502790314586093e+02
1.098536492947404213e+02
1.110604965622463141e+02
1.117424747492028558e+02
1.118818072370716266e+02
1.114718151986136832e+02
1.105171374044922459e+02
1.090336348772008250e+02
1.070479836857206095e+02
1.045969689857635530e+02
1.017265027840585816e+02
9.849039653384485860e+01
9.494892727037253621e+01
9.116724232180841625e+01
8.721365247697639234e+01
8.315786670054772856e+01
7.906922295675323653e+01
7.501496939029695454e+01
7.105864803295513354e+01
6.725862943002383076e+01
6.366684124212416407e+01
6.032772715642828842e+01
5.727746456431678723e+01
5.454346069503872485e+01
5.214413753148398456e+01
5.008900618836415930e+01
4.837902182740943857e+01
4.700720093914335251e+01
4.595947424424404915e+01
4.521574084434753615e+01
4.475108283485992899e+01
4.453709459252913661e+01
4.454327753189273409e+01
4.473844939764253326e+01
4.509211717781622752e+01
4.557576448020824955e+01
4.616400764764350839e+01
4.683557987662199196e+01
4.757410897590230547e+01
4.836866193800074853e+01
4.921403793941325233e+01
5.011080044630658392e+01
5.106504847245301448e+01
5.208793639596331104e+01
5.319496077197440798e+01
5.440504097207624312e+01
5.573942795157235253e+01
5.722048173742101085e+01
5.887036312732102061e+01
6.070968842524032283e+01
6.275619769469963671e+01
6.502348692881008674e+01
6.751985271448010906e+01
7.024729446503945951e+01
7.320071422520237547e+01
7.636734758217139074e+01
7.972645156150746004e+01
8.324926680111447297e+01
8.689926206796528163e+01
9.063265961883269028e+01
9.439923032889343801e+01
9.814333824236204862e+01
1.018052055493316885e+02
1.053223612546942860e+02
1.086312302404302699e+02
1.116688142550805196e+02
1.143744127710323255e+02
1.166913297564328218e+02
1.185685122827750178e+02
1.199620685414655412e+02
1.208366162238497736e+02
1.211664172225929690e+02
1.209362610773183917e+02
1.201420673045934109e+02
1.187911854705417483e+02
1.169023812988943405e+02
1.145055069494846265e+02
1.116408635295931902e+02
1.083582735876132546e+02
1.047158904674532778e+02
1.007787796734187538e+02
9.661731453777444756e+01
9.230543426278889285e+01
8.791881663683815873e+01
8.353302026242664624e+01
7.922165190096477261e+01
7.505461351157784122e+01
7.109648077518554032e+01
6.740506044475367275e+01
6.403016789709033674e+01
6.101265897990034404e+01
5.838374189240408185e+01
5.616458568626598691e+01
5.436623232943392736e+01
5.298980945818263422e+01
5.202703127681088802e+01
5.146096586909545323e+01
5.126703876357026246e+01
5.141423522250982359e+01
5.186645764320732610e+01
5.258398986734017200e+01
5.352501723747888462e+01
5.464715001180412202e+01
5.590889828362117697e+01
5.727104882704217204e+01
5.869789822184988992e+01
6.015830206133121294e+01
6.162650682837936245e+01
6.308273890470554335e+01
6.451353388638949582e+01
6.591179861962032760e+01
6.727660782925919136e+01
6.861274656879147926e+01
6.993001865617874557e+01
7.124234947340140423e+01
7.256671872007538582e+01
7.392196467935052340e+01
7.532750607542392629e+01
7.680203052339612668e+01
7.836219979486938314e+01
8.002142160499977308e+01
8.178873538577853708e+01
8.366785562143111576e+01
8.565641091593251133e+01
8.774541022197389850e+01
8.991895981266750937e+01
9.215424588678823170e+01
9.442178845903028162e+01
9.668596271104833306e+01
9.890577458774500030e+01
1.010358684347495739e+02
1.030277361926055022e+02
1.048310903728084185e+02
1.063953569896655438e+02
1.076712400179467153e+02
1.086123059492369975e+02
1.091765357359600870e+02
1.093277918902049919e+02
1.090371507348373967e+02
1.082840537183757448e+02
1.070572371778199425e+02
1.053554067878246201e+02
1.031876309466701969e+02
1.005734362567681615e+02
9.754259776702929230e+01
9.413462644286731518e+01
9.039796609333944843e+01
8.638892139103506906e+01
8.217034735731834871e+01
7.781013846370944975e+01
7.337956206130277792e+01
6.895148597597699336e+01
6.459855362690157676e+01
6.039136182168926581e+01
5.639669639266364953e+01
5.267587906332348524e+01
4.928327542950862039e+01
4.626500882053961305e+01
4.365791823966849705e+01
4.148879078633402884e+01
3.977389019142810866e+01
3.851879363966928338e+01
3.771853922141760762e+01
3.735807647324286052e+01
3.741300285713267471e+01
3.785056000792476283e+01
3.863085544309191022e+01
3.970826844448981063e+01
4.103299321573526015e+01
4.255266837315190287e+01
4.421403947233167031e+01
4.596460067965946905e+01
4.775416288330694670e+01
4.953629845677316013e+01
5.126961743801278004e+01
5.291883591239133722e+01
5.445560468311757774e+01
5.585907463141917617e+01
5.711618422982930099e+01
5.822166417053130516e+01
5.917776368765380113e+01
5.999371256519945916e+01
6.068494171576919882e+01
6.127209329214535671e+01
6.177985828468857221e+01
6.223568522975904216e+01
6.266840781994911680e+01
6.310684172859585317e+01
6.357840175701753793e+01
6.410778945947100738e+01
6.471579873310184894e+01
6.541828257095356491e+01
6.622531841271741371e+01
6.714060248718534751e+01
6.816109546209244741e+01
6.927693287582518167e+01
7.047160452160862576e+01
7.172239750409534054e+01
7.300108841154155925e+01
7.427486125894482427e+01
7.550741985720597427e+01
7.666025632273112933e+01
7.769403179751117250e+01
7.857002129470106411e+01
7.925157206215271799e+01
7.970552405448951561e+01
7.990354205357489548e+01
7.982331164917972899e+01
7.944955559988689231e+01
7.877483289727753402e+01
7.780008996231245533e+01
7.653494157563315525e+01
7.499766811119235399e+01
7.321492510605047244e+01
7.122117084213128635e+01
6.905782711548584984e+01
6.677219740671695547e+01
6.441617493913115311e+01
6.204478034045693846e+01
5.971457456554773557e+01
5.748199718990552753e+01
5.540168299499812576e+01
5.352481083854158328e+01
5.189753809629226566e+01
5.055957149569940867e+01
4.954292101381635405e+01
4.887087781596828506e+01
4.855725015322255445e+01
4.860588294654868946e+01
4.901047773231854165e+01
4.975472002499620316e+01
5.081271128499135870e+01
5.214969288767451161e+01
5.372304009611121955e+01
5.548349535474901018e+01
5.737660253031128832e+01
5.934429728288080952e+01
6.132660376665753432e+01
6.326338449988193702e+01
6.509608861687797798e+01
6.676944387461421115e+01
6.823303972497771497e+01
6.944275241654749209e+01
7.036196833376585857e+01
