nan
nan
nan
nan
nan
nan
nan
nan
nan
nan
nan
nan
nan
nan
nan
nan
nan
nan
nan
nan
nan
nan
nan
nan
nan
nan
nan
nan
nan
nan
nan
nan
nan
nan
nan
nan
nan
nan
nan
nan
nan
nan
nan
nan
nan
nan
nan
nan
nan
nan
nan
nan
nan
nan
1.535949569920009310e+02
1.522823958147449446e+02
1.509314892454382004e+02
1.495643210308691664e+02
1.481994507965100070e+02
1.468519077725922841e+02
1.455333879445642538e+02
1.442526246937705707e+02
1.430158953414740779e+02
1.418276205834131076e+02
1.406910108131708910e+02
1.396087128691371504e+02
1.385834127659548187e+02
1.376183543304199191e+02
1.367177400852988285e+02
1.358869888461048276e+02
1.351328338699119342e+02
1.344632555189548100e+02
1.338872527397035981e+02
1.334144676683504258e+02
1.330546868339032187e+02
1.328172502628332268e+02
1.327104058847249632e+02
1.327406506744178216e+02
1.329121017235956117e+02
1.332259398083989197e+02
1.336799650233168677e+02
1.342682988182029078e+02
1.349812595506373327e+02
1.358054297977157319e+02
1.367239235930580605e+02
1.377168509652619264e+02
1.387619661939914124e+02
1.398354756266351728e+02
1.409129712589654275e+02
1.419704480878850461e+02
1.429853569420145902e+02
1.439376404515674608e+02
1.448106982951632631e+02
1.455922290038021742e+02
1.462748994314729316e+02
1.468567994094262303e+02
1.473416478526527840e+02
1.477387273308302724e+02
1.480625363969696480e+02
1.483321622460674689e+02
1.485703899532792036e+02
1.488025779820638945e+02
1.490553422171015256e+02
1.493551018475750709e+02
1.497265494387667104e+02
1.501911139979655161e+02
1.507654893814627997e+02
1.514603007425457122e+02
1.522789787627383760e+02
1.532169051629111038e+02
1.542608836285263294e+02
1.553889781198039088e+02
1.565707460223038083e+02
1.577678772927848456e+02
1.589352333305359934e+02
1.600222614851707590e+02
1.609747436653837553e+02
1.617368212118749682e+02
1.622532237857327857e+02
1.624716181839683600e+02
1.623449843173210922e+02
1.618339205427044476e+02
1.609087794616031886e+02
1.595515383438581409e+02
1.577573155098334041e+02
1.555354551241302659e+02
1.529101175704683726e+02
1.499203303791900623e+02
1.466194749125071439e+02
1.430742059062259557e+02
1.393628236598621299e+02
1.355731412449620450e+02
1.317999106318923452e+02
1.281418912072511205e+02
1.246986609157774808e+02
1.215672834566147031e+02
1.188389539677728806e+02
1.165957499762519518e+02
1.149076137864966682e+02
1.138296868344425832e+02
1.134001059596073873e+02
1.136383563575588909e+02
1.145442566775938360e+02
1.160976290103082533e+02
1.182586812037991990e+02
1.209691020132386683e+02
1.241538420683411630e+02
1.277235266219851013e+02
1.315774206062305609e+02
1.356068437106917770e+02
1.396989139675384592e+02
1.437404835055863259e+02
1.476221203891990399e+02
1.512419862607914638e+02
1.545094611197007453e+02
1.573483740287597357e+02
1.596997116444618428e+02
1.615236947907254432e+02
1.628011361993766286e+02
1.635340191903624145e+02
1.637452664679994996e+02
1.634776992491130727e+02
1.627922184166181410e+02
1.617652700755285764e+02
1.604856865594155693e+02
1.590510194387744889e+02
1.575635023730630166e+02
1.561257978323820623e+02
1.548366920898729688e+02
1.537869069690314632e+02
1.530551943803965571e+02
1.527048707129397656e+02
1.527809329272800483e+02
1.533078772499966078e+02
1.542883154416269065e+02
1.557024536605577509e+02
1.575084660949497390e+02
1.596437610354382741e+02
1.620271022413943172e+02
1.645615146686658079e+02
1.671378722064218891e+02
1.696390372657185139e+02
1.719443989947411922e+02
1.739346395134439547e+02
1.754965465987192772e+02
1.765276872019237828e+02
1.769407592700403313e+02
1.766674495201834247e+02
1.756616417579985523e+02
1.739018434409415761e+02
1.713927266293319747e+02
1.681657121888557640e+02
1.642785618802195415e+02
1.598139804388668210e+02
1.548772674775693474e+02
1.495930955836780925e+02
1.441015249126868980e+02
1.385533945732657628e+02
1.331052559720756108e+02
1.279140320457492948e+02
1.231315981888379554e+02
1.188994851879198507e+02
1.153439013733971308e+02
1.125712605741419736e+02
1.106643846696811693e+02
1.096795252222337069e+02
1.096443187339042282e+02
1.105567556314370279e+02
1.123852054299838841e+02
1.150695010957045525e+02
1.185230459167974999e+02
1.226358677226479443e+02
1.272785095380628917e+02
1.323066141015400774e+02
1.375660333376004587e+02
1.428982738768140450e+02
1.481460768454450090e+02
1.531589249096167578e+02
1.577982721738929683e+02
1.619423029167553238e+02
1.654900429120459080e+02
1.683646715675051837e+02
1.705159133809634682e+02
1.719214221193096535e+02
1.725871093329816119e+02
1.725464088687315041e+02
1.718585094029564289e+02
1.706056261410881234e+02
1.688894192163331525e+02
1.668266985791841250e+02
1.645445820620506368e+02
1.621752938021528792e+02
1.598508035279052706e+02
1.576975128534332953e+02
1.558311924727422593e+02
1.543523640936011816e+02
1.533423034958631490e+02
1.528598169189050111e+02
1.529389130155533678e+02
1.535874580143350272e+02
1.547868638438115454e+02
1.564928192524259885e+02
1.586370339330145214e+02
1.611299268699823131e+02
1.638641540555020697e+02
1.667188387472961892e+02
1.695643407818303388e+02
1.722673811225104430e+02
1.746963245758780943e+02
1.767264179378755671e+02
1.782447829318406036e+02
1.791549730650187087e+02
1.793809205613003428e+02
1.788701231465314549e+02
1.775959497399531415e+02
1.755589778977247022e+02
1.727873128495378126e+02
1.693358767367901692e+02
1.652846957085115491e+02
1.607362503631594564e+02
1.558119901983990303e+02
1.506481439144021408e+02
1.453909834368095062e+02
1.401917194160132851e+02
1.352012189937824473e+02
1.305647423483650869e+02
1.264168927610950277e+02
1.228769658063601042e+02
1.200448671506065921e+02
1.179977460185741336e+02
1.167874635480997796e+02
1.164389831122077652e+02
1.169497344999442134e+02
1.182899669842086325e+02
1.204040691881091618e+02
1.232127977117747264e+02
1.266163230629427261e+02
1.304979718016441268e+02
1.347285190596205666e+02
1.391708666282620470e+02
1.436849292930386071e+02
1.481325464406330923e+02
1.523822373213987760e+02
1.563136265865807388e+02
1.598213814448082815e+02
1.628185223570563664e+02
1.652389947557769005e+02
1.670394187908719346e+02
1.681999663902020359e+02
1.687243486994880470e+02
1.686389309171038917e+02
1.679910243538680845e+02
1.668464359771358545e+02
1.652863826011189303e+02
1.634038992717637484e+02
1.612998884634311878e+02
1.590789678721780263e+02
1.568452795103317783e+02
1.546984213810641222e+02
1.527296553903474887e+02
1.510185317271438521e+02
1.496300513221192432e+02
1.486124649858590203e+02
1.479957813944621421e+02
1.477910273180271759e+02
1.479902735355248922e+02
1.485674099358185458e+02
1.494796245381095616e+02
1.506695146799636689e+02
1.520677354139129704e+02
1.535960710757105119e+02
1.551708017131427368e+02
1.567062270676479727e+02
1.581182073392391203e+02
1.593275820727059227e+02
1.602633359932472388e+02
1.608653930963132552e+02
1.610869371728062163e+02
1.608961774764109123e+02
1.602775015331820043e+02
1.592319821796260726e+02
1.577772317666079118e+02
1.559466220440500592e+02
1.537879125384009171e+02
1.513613523151401523e+02
1.487373390536123452e+02
1.459937346615071760e+02
1.432129476956842780e+02
1.404788992912568233e+02
1.378739909808769823e+02
1.354761897548009131e+02
1.333563382024793214e+02
1.315757859968774994e+02
1.301844238977922714e+02
1.292191835537027487e+02
1.287030464649466239e+02
1.286445843896725023e+02
1.290380321105909900e+02
1.298638727077200201e+02
1.310898961271178962e+02
1.326726746461852144e+02
1.345593844524914005e+02
1.366898914829118041e+02
1.389990122703006250e+02
1.414188570111265904e+02
1.438811624281570403e+02
1.463195261223155512e+02
1.486714616978859453e+02
1.508802045775634895e+02
1.528962115537525221e+02
1.546783121143189419e+02
1.561944857374280957e+02
1.574222559436177562e+02
1.583487081981701863e+02
1.589701540806283049e+02
1.592914778508316260e+02
1.593252131004084617e+02
1.590904061535436540e+02
1.586113289656816221e+02
1.579161072951579001e+02
1.570353298632632004e+02
1.560007011847370961e+02
1.548437949859531386e+02
