8.116448211669921875e+01
8.961604309082031250e+01
8.912333679199218750e+01
8.609786987304687500e+01
8.565405273437500000e+01
8.482016754150390625e+01
8.426970672607421875e+01
8.476253509521484375e+01
8.455551910400390625e+01
8.431034851074218750e+01
8.424369812011718750e+01
8.494208526611328125e+01
8.546828460693359375e+01
8.509580230712890625e+01
8.528174591064453125e+01
8.573359680175781250e+01
8.682661437988281250e+01
8.713740539550781250e+01
8.719745635986328125e+01
8.689741516113281250e+01
8.812734222412109375e+01
8.832261657714843750e+01
8.803751373291015625e+01
8.886112213134765625e+01
8.756633758544921875e+01
8.738874053955078125e+01
8.724755859375000000e+01
8.777139282226562500e+01
8.731398773193359375e+01
8.710678863525390625e+01
8.861402130126953125e+01
8.945899963378906250e+01
9.137203979492187500e+01
9.082085418701171875e+01
8.917614746093750000e+01
8.892275238037109375e+01
8.886759948730468750e+01
9.083422851562500000e+01
9.168177795410156250e+01
9.046566772460937500e+01
8.849404907226562500e+01
8.774713134765625000e+01
8.797774505615234375e+01
8.851687622070312500e+01
8.919380187988281250e+01
9.052465057373046875e+01
9.137479400634765625e+01
9.142941284179687500e+01
9.110314178466796875e+01
8.851995086669921875e+01
8.710484313964843750e+01
8.617812347412109375e+01
8.491838836669921875e+01
8.506338500976562500e+01
8.543076324462890625e+01
8.245601654052734375e+01
8.091779327392578125e+01
8.152299499511718750e+01
8.311040496826171875e+01
8.454633331298828125e+01
8.644509887695312500e+01
8.902671051025390625e+01
9.162075042724609375e+01
9.370133972167968750e+01
9.681327819824218750e+01
9.892492675781250000e+01
9.968927001953125000e+01
9.901738739013671875e+01
9.831153869628906250e+01
9.480526733398437500e+01
9.399260711669921875e+01
9.615596008300781250e+01
9.551840972900390625e+01
9.151377868652343750e+01
8.851033020019531250e+01
8.653173065185546875e+01
8.632879638671875000e+01
8.566883087158203125e+01
8.333475494384765625e+01
8.216963195800781250e+01
8.277454376220703125e+01
8.139309692382812500e+01
7.999549865722656250e+01
8.005437469482421875e+01
8.045153045654296875e+01
7.955515289306640625e+01
8.047191619873046875e+01
8.039708709716796875e+01
8.016047668457031250e+01
8.169582366943359375e+01
8.457695007324218750e+01
8.542879486083984375e+01
7.816770172119140625e+01
8.300984191894531250e+01
8.824680328369140625e+01
8.841044616699218750e+01
9.024781799316406250e+01
9.256943511962890625e+01
9.576843261718750000e+01
9.906504058837890625e+01
1.096821975708007812e+02
1.254787673950195312e+02
1.384869079589843750e+02
1.459913787841796875e+02
1.498841857910156250e+02
1.511707153320312500e+02
1.472820434570312500e+02
1.453469696044921875e+02
1.422801208496093750e+02
1.138378906250000000e+02
1.034193191528320312e+02
9.221761322021484375e+01
8.918991088867187500e+01
8.869691467285156250e+01
8.563901519775390625e+01
8.483554077148437500e+01
8.526473999023437500e+01
9.250932312011718750e+01
9.915361785888671875e+01
1.039890136718750000e+02
1.081040878295898438e+02
1.106447372436523438e+02
1.125366363525390625e+02
1.156665191650390625e+02
1.144965896606445312e+02
1.148752517700195312e+02
1.140984115600585938e+02
1.128736801147460938e+02
1.110858459472656250e+02
1.109796218872070312e+02
1.094328002929687500e+02
1.080856933593750000e+02
1.071396331787109375e+02
1.081628723144531250e+02
1.075338668823242188e+02
1.075183792114257812e+02
1.083554229736328125e+02
1.070603866577148438e+02
1.058647994995117188e+02
1.052222442626953125e+02
1.007423248291015625e+02
1.033677749633789062e+02
1.019693450927734375e+02
1.006358947753906250e+02
1.015976791381835938e+02
1.010917663574218750e+02
9.924781799316406250e+01
9.976640319824218750e+01
1.016691436767578125e+02
9.484385681152343750e+01
8.955952453613281250e+01
8.590047454833984375e+01
8.347953796386718750e+01
8.175435638427734375e+01
7.972016906738281250e+01
7.714243316650390625e+01
7.468521881103515625e+01
7.318949127197265625e+01
7.127669525146484375e+01
7.133547973632812500e+01
7.324530792236328125e+01
7.797241973876953125e+01
8.326671600341796875e+01
7.762568664550781250e+01
8.891304779052734375e+01
9.201152038574218750e+01
1.018654861450195312e+02
1.157682571411132812e+02
1.309568786621093750e+02
1.395051574707031250e+02
1.437442474365234375e+02
1.429673156738281250e+02
1.347887268066406250e+02
1.135644989013671875e+02
1.170332565307617188e+02
1.215853576660156250e+02
9.841555786132812500e+01
9.885988616943359375e+01
9.489582061767578125e+01
9.083580017089843750e+01
9.063913726806640625e+01
9.193962860107421875e+01
9.091698455810546875e+01
9.791639709472656250e+01
1.037373809814453125e+02
1.097582092285156250e+02
1.157790222167968750e+02
1.216474151611328125e+02
1.240159835815429688e+02
1.248815994262695312e+02
1.231185073852539062e+02
1.222484054565429688e+02
1.220233612060546875e+02
1.234250869750976562e+02
1.212210845947265625e+02
1.204270553588867188e+02
1.193828735351562500e+02
1.183490371704101562e+02
1.182893829345703125e+02
1.173529434204101562e+02
1.146734085083007812e+02
1.130442657470703125e+02
1.116093826293945312e+02
1.106560516357421875e+02
1.086697616577148438e+02
1.066267547607421875e+02
1.071008377075195312e+02
1.093312149047851562e+02
1.113229904174804688e+02
1.107001724243164062e+02
1.096541976928710938e+02
1.080324554443359375e+02
1.082635345458984375e+02
1.038718719482421875e+02
9.758689117431640625e+01
9.382894897460937500e+01
9.236632537841796875e+01
9.248253631591796875e+01
9.254432678222656250e+01
9.536270141601562500e+01
9.429955291748046875e+01
9.420950317382812500e+01
9.484161376953125000e+01
9.614884948730468750e+01
9.592160034179687500e+01
9.609104919433593750e+01
9.867926025390625000e+01
1.041197052001953125e+02
1.074548492431640625e+02
1.121110076904296875e+02
1.211891632080078125e+02
1.295743103027343750e+02
1.371525878906250000e+02
1.409920959472656250e+02
1.480417175292968750e+02
1.488023529052734375e+02
1.464364624023437500e+02
1.450818786621093750e+02
1.433233184814453125e+02
1.421579895019531250e+02
1.346208648681640625e+02
1.307429351806640625e+02
1.287829284667968750e+02
1.236461868286132812e+02
1.164493789672851562e+02
1.119533386230468750e+02
1.112366561889648438e+02
1.119649734497070312e+02
1.156861877441406250e+02
1.187812118530273438e+02
1.172500610351562500e+02
1.212011795043945312e+02
1.268687591552734375e+02
1.291577758789062500e+02
1.293522949218750000e+02
1.274583587646484375e+02
1.273920898437500000e+02
1.247313461303710938e+02
1.246666641235351562e+02
1.217411422729492188e+02
1.202437667846679688e+02
1.217858886718750000e+02
1.224905166625976562e+02
1.240007858276367188e+02
1.259125595092773438e+02
1.246261901855468750e+02
1.228204879760742188e+02
1.222182159423828125e+02
1.221262741088867188e+02
1.189583740234375000e+02
1.195120620727539062e+02
1.210651016235351562e+02
1.194712524414062500e+02
1.152675857543945312e+02
1.142839279174804688e+02
1.129785232543945312e+02
1.108820114135742188e+02
1.053590393066406250e+02
1.011893386840820312e+02
9.795018768310546875e+01
9.587400817871093750e+01
9.529985046386718750e+01
9.200543975830078125e+01
9.337464141845703125e+01
9.586249542236328125e+01
9.567070770263671875e+01
9.783873748779296875e+01
9.925936889648437500e+01
9.909487152099609375e+01
9.957263946533203125e+01
1.026868667602539062e+02
1.132582855224609375e+02
1.189570770263671875e+02
1.236455764770507812e+02
1.249742736816406250e+02
1.292753143310546875e+02
1.363784942626953125e+02
1.414657897949218750e+02
1.461489105224609375e+02
1.482944335937500000e+02
1.464200592041015625e+02
1.381767425537109375e+02
1.346521148681640625e+02
1.293102264404296875e+02
1.261590652465820312e+02
1.167958450317382812e+02
1.164627456665039062e+02
1.208624420166015625e+02
1.264657516479492188e+02
1.278481903076171875e+02
1.266124420166015625e+02
1.282569732666015625e+02
1.298637542724609375e+02
1.308165283203125000e+02
1.318167572021484375e+02
1.318047180175781250e+02
1.295259094238281250e+02
1.278505859375000000e+02
1.275262527465820312e+02
1.268242492675781250e+02
1.266739807128906250e+02
1.276034240722656250e+02
1.266060562133789062e+02
1.265016784667968750e+02
1.259179611206054688e+02
1.253622283935546875e+02
1.256607360839843750e+02
1.271283721923828125e+02
1.281809539794921875e+02
1.294234466552734375e+02
1.293709716796875000e+02
1.287641448974609375e+02
1.278613586425781250e+02
1.261444320678710938e+02
1.261403961181640625e+02
1.272757186889648438e+02
1.270432357788085938e+02
1.263968429565429688e+02
1.257256622314453125e+02
1.246791915893554688e+02
1.214450378417968750e+02
1.193945236206054688e+02
1.192712402343750000e+02
1.200660247802734375e+02
1.194000778198242188e+02
1.184552154541015625e+02
1.204584197998046875e+02
1.199553604125976562e+02
1.189964828491210938e+02
1.163379516601562500e+02
1.165635147094726562e+02
1.175069351196289062e+02
1.182599868774414062e+02
1.194186477661132812e+02
1.199181747436523438e+02
1.194257583618164062e+02
1.188675079345703125e+02
1.183624801635742188e+02
1.189316329956054688e+02
1.202954177856445312e+02
1.205841827392578125e+02
1.198479309082031250e+02
1.189936370849609375e+02
