1.470172729492187500e+02
1.547684326171875000e+02
1.561423492431640625e+02
1.564257965087890625e+02
1.564724426269531250e+02
1.563159484863281250e+02
1.563906860351562500e+02
1.562155914306640625e+02
1.563766326904296875e+02
1.563824920654296875e+02
1.561808166503906250e+02
1.559677581787109375e+02
1.555255737304687500e+02
1.558182678222656250e+02
1.561510009765625000e+02
1.561598052978515625e+02
1.560299530029296875e+02
1.560169830322265625e+02
1.559679565429687500e+02
1.562241210937500000e+02
1.563120574951171875e+02
1.563063659667968750e+02
1.561485137939453125e+02
1.561689147949218750e+02
1.564641113281250000e+02
1.561046600341796875e+02
1.563676300048828125e+02
1.562456817626953125e+02
1.561837158203125000e+02
1.564026489257812500e+02
1.562138671875000000e+02
1.562463684082031250e+02
1.563009948730468750e+02
1.566311492919921875e+02
1.576758270263671875e+02
1.577079772949218750e+02
1.575287933349609375e+02
1.567118682861328125e+02
1.557831115722656250e+02
1.551569824218750000e+02
1.546302490234375000e+02
1.545335540771484375e+02
1.548624877929687500e+02
1.549398651123046875e+02
1.545806732177734375e+02
1.544127349853515625e+02
1.542362976074218750e+02
1.541427459716796875e+02
1.540507965087890625e+02
1.541444549560546875e+02
1.539836578369140625e+02
1.533601531982421875e+02
1.527574310302734375e+02
1.522726745605468750e+02
1.516633605957031250e+02
1.509553070068359375e+02
1.502413024902343750e+02
1.495801391601562500e+02
1.496366729736328125e+02
1.487719421386718750e+02
1.485586242675781250e+02
1.495009155273437500e+02
1.506608123779296875e+02
1.515763702392578125e+02
1.507146148681640625e+02
1.497224273681640625e+02
1.478430633544921875e+02
1.466015167236328125e+02
1.441632080078125000e+02
1.431078948974609375e+02
1.423621978759765625e+02
1.421428070068359375e+02
1.423038330078125000e+02
1.450910644531250000e+02
1.469795837402343750e+02
1.484963989257812500e+02
1.477991027832031250e+02
1.466522521972656250e+02
1.477515411376953125e+02
1.485207824707031250e+02
1.481915893554687500e+02
1.490033416748046875e+02
1.504492645263671875e+02
1.506937561035156250e+02
1.505417633056640625e+02
1.505177001953125000e+02
1.501127624511718750e+02
1.505700378417968750e+02
1.507372741699218750e+02
1.499950866699218750e+02
1.492497406005859375e+02
1.500282592773437500e+02
1.521729888916015625e+02
1.527881317138671875e+02
1.521470794677734375e+02
1.489628601074218750e+02
1.456190185546875000e+02
1.406668395996093750e+02
1.371176300048828125e+02
1.326672821044921875e+02
1.246483688354492188e+02
1.149101333618164062e+02
9.704064941406250000e+01
8.819757080078125000e+01
8.253627777099609375e+01
7.969527435302734375e+01
7.780407714843750000e+01
7.277938842773437500e+01
7.083784484863281250e+01
7.295543670654296875e+01
8.200910186767578125e+01
8.614884948730468750e+01
8.609577178955078125e+01
8.981745910644531250e+01
9.646253967285156250e+01
1.029416503906250000e+02
1.105019989013671875e+02
1.246702270507812500e+02
1.390960540771484375e+02
1.523185729980468750e+02
1.591495208740234375e+02
1.613403778076171875e+02
1.620044250488281250e+02
1.617932586669921875e+02
1.623517913818359375e+02
1.613370971679687500e+02
1.597728271484375000e+02
1.585117340087890625e+02
1.590116119384765625e+02
1.587187042236328125e+02
1.575375061035156250e+02
1.572821502685546875e+02
1.566189727783203125e+02
1.573277130126953125e+02
1.564375305175781250e+02
1.566733856201171875e+02
1.569972381591796875e+02
1.568463897705078125e+02
1.560226593017578125e+02
1.559489898681640625e+02
1.566465301513671875e+02
1.568902893066406250e+02
1.569899597167968750e+02
1.545542297363281250e+02
1.535242614746093750e+02
1.522188415527343750e+02
1.513645019531250000e+02
1.513537750244140625e+02
1.500457458496093750e+02
1.508591156005859375e+02
1.529788360595703125e+02
1.559679412841796875e+02
1.574758605957031250e+02
1.587146453857421875e+02
1.589090728759765625e+02
1.577029571533203125e+02
1.566103820800781250e+02
1.564984588623046875e+02
1.554136810302734375e+02
1.546341552734375000e+02
1.545259399414062500e+02
1.547355651855468750e+02
1.526042633056640625e+02
1.453070526123046875e+02
1.390973510742187500e+02
1.309537048339843750e+02
1.269973602294921875e+02
1.217127456665039062e+02
1.222711334228515625e+02
1.213320693969726562e+02
1.082304077148437500e+02
9.616105651855468750e+01
8.856191253662109375e+01
8.392108917236328125e+01
7.990422058105468750e+01
7.439340209960937500e+01
8.080631256103515625e+01
9.590225982666015625e+01
1.027023468017578125e+02
1.050881423950195312e+02
1.080697097778320312e+02
1.142781677246093750e+02
1.233118133544921875e+02
1.415039367675781250e+02
1.505213470458984375e+02
1.561756286621093750e+02
1.593936309814453125e+02
1.603524780273437500e+02
1.614660186767578125e+02
1.616596069335937500e+02
1.624950714111328125e+02
1.628278808593750000e+02
1.613816375732421875e+02
1.606555328369140625e+02
1.589867401123046875e+02
1.563861846923828125e+02
1.559483032226562500e+02
1.556958465576171875e+02
1.556511535644531250e+02
1.556168212890625000e+02
1.559272460937500000e+02
1.559573211669921875e+02
1.572160949707031250e+02
1.579406433105468750e+02
1.584662475585937500e+02
1.590572967529296875e+02
1.595406799316406250e+02
1.596612854003906250e+02
1.611380462646484375e+02
1.629857330322265625e+02
1.657013244628906250e+02
1.667154388427734375e+02
1.658041076660156250e+02
1.651800384521484375e+02
1.642153320312500000e+02
1.639423522949218750e+02
1.642632904052734375e+02
1.650820770263671875e+02
1.656881866455078125e+02
1.646444396972656250e+02
1.644607849121093750e+02
1.626331176757812500e+02
1.613994750976562500e+02
1.603146514892578125e+02
1.583470153808593750e+02
1.568096008300781250e+02
1.552499389648437500e+02
1.538363342285156250e+02
1.515839080810546875e+02
1.488985137939453125e+02
1.462794799804687500e+02
1.397131805419921875e+02
1.353752899169921875e+02
1.325357666015625000e+02
1.321592864990234375e+02
1.266594467163085938e+02
1.191010742187500000e+02
1.121738739013671875e+02
9.832651519775390625e+01
9.521403503417968750e+01
9.307486724853515625e+01
8.452568054199218750e+01
8.162682342529296875e+01
8.871897888183593750e+01
9.766256713867187500e+01
1.034500350952148438e+02
1.099695510864257812e+02
1.203283462524414062e+02
1.292382049560546875e+02
1.397536926269531250e+02
1.466944122314453125e+02
1.537559356689453125e+02
1.576086730957031250e+02
1.603430023193359375e+02
1.608377380371093750e+02
1.622851715087890625e+02
1.608823547363281250e+02
1.603596343994140625e+02
1.583316040039062500e+02
1.569200897216796875e+02
1.548565521240234375e+02
1.548091125488281250e+02
1.530016632080078125e+02
1.531306152343750000e+02
1.529521942138671875e+02
1.533565979003906250e+02
1.525369873046875000e+02
1.543549804687500000e+02
1.539921722412109375e+02
1.562046813964843750e+02
1.637707214355468750e+02
1.699496765136718750e+02
1.740988769531250000e+02
1.722934875488281250e+02
1.684713439941406250e+02
1.624862823486328125e+02
1.601840667724609375e+02
1.605340728759765625e+02
1.590712890625000000e+02
1.594489593505859375e+02
1.619478302001953125e+02
1.641625366210937500e+02
1.603964996337890625e+02
1.597417907714843750e+02
1.595571136474609375e+02
1.574003601074218750e+02
1.563202056884765625e+02
1.565623321533203125e+02
1.563738555908203125e+02
1.562185058593750000e+02
1.557009277343750000e+02
1.542881011962890625e+02
1.517438507080078125e+02
1.483550872802734375e+02
1.438918151855468750e+02
1.358320159912109375e+02
1.299925842285156250e+02
1.250546798706054688e+02
1.200311203002929688e+02
1.186395950317382812e+02
1.165417022705078125e+02
1.130682983398437500e+02
1.118042831420898438e+02
1.046415481567382812e+02
1.044679870605468750e+02
9.998610687255859375e+01
1.253447570800781250e+02
1.441050720214843750e+02
1.524187469482421875e+02
1.610677337646484375e+02
1.661153717041015625e+02
1.653923034667968750e+02
1.666403503417968750e+02
1.692566375732421875e+02
1.706716918945312500e+02
1.699825592041015625e+02
1.686694793701171875e+02
1.660331573486328125e+02
1.644955139160156250e+02
1.663674163818359375e+02
1.669919281005859375e+02
1.678982391357421875e+02
1.679752960205078125e+02
1.667995910644531250e+02
1.646252899169921875e+02
1.635351104736328125e+02
1.629023742675781250e+02
1.634096832275390625e+02
1.675464172363281250e+02
1.721530151367187500e+02
1.750981445312500000e+02
1.768892669677734375e+02
1.767946929931640625e+02
1.765538024902343750e+02
1.776815185546875000e+02
1.780496368408203125e+02
1.775854492187500000e+02
1.771995849609375000e+02
1.771270599365234375e+02
1.743432006835937500e+02
1.666022796630859375e+02
1.630195159912109375e+02
1.639725494384765625e+02
1.685307312011718750e+02
1.702706604003906250e+02
1.719205017089843750e+02
1.725941009521484375e+02
1.730420379638671875e+02
1.734089813232421875e+02
1.744964752197265625e+02
1.752121124267578125e+02
1.755633850097656250e+02
1.757208404541015625e+02
1.758365020751953125e+02
1.756531829833984375e+02
1.760900726318359375e+02
1.775598297119140625e+02
1.778608551025390625e+02
1.781108398437500000e+02
1.772931976318359375e+02
1.774979095458984375e+02
1.780289001464843750e+02
1.776115112304687500e+02
