9.555685424804687500e+01
1.021605529785156250e+02
1.039965896606445312e+02
1.041835021972656250e+02
1.045321197509765625e+02
1.045457839965820312e+02
1.037714309692382812e+02
1.036625823974609375e+02
1.035331726074218750e+02
1.032172317504882812e+02
1.027890472412109375e+02
1.024917526245117188e+02
1.022646713256835938e+02
1.025212326049804688e+02
1.025670928955078125e+02
1.022324218750000000e+02
1.021881942749023438e+02
1.024169158935546875e+02
1.023335876464843750e+02
1.017676849365234375e+02
1.013931427001953125e+02
1.014819793701171875e+02
1.014699554443359375e+02
1.020385360717773438e+02
1.015675659179687500e+02
1.013448181152343750e+02
1.017816925048828125e+02
1.021985549926757812e+02
1.027978363037109375e+02
1.030696640014648438e+02
1.033502502441406250e+02
1.033746948242187500e+02
1.035432586669921875e+02
1.033946228027343750e+02
1.030890350341796875e+02
1.027476119995117188e+02
1.023468856811523438e+02
1.019637908935546875e+02
1.016841888427734375e+02
1.015987472534179688e+02
1.014729461669921875e+02
1.013034820556640625e+02
1.012987670898437500e+02
1.016127548217773438e+02
1.019497909545898438e+02
1.021598052978515625e+02
1.028783416748046875e+02
1.030268478393554688e+02
1.029071807861328125e+02
1.025712738037109375e+02
1.024167556762695312e+02
1.020308303833007812e+02
1.018604049682617188e+02
1.017445678710937500e+02
1.020036849975585938e+02
1.017686538696289062e+02
1.015871276855468750e+02
1.013079757690429688e+02
1.012394943237304688e+02
1.009409408569335938e+02
1.004650497436523438e+02
1.021057357788085938e+02
1.036329421997070312e+02
1.046382217407226562e+02
1.036878433227539062e+02
1.016248550415039062e+02
9.933567810058593750e+01
9.663985443115234375e+01
9.364245605468750000e+01
9.309519195556640625e+01
9.553569793701171875e+01
9.975944519042968750e+01
1.026864395141601562e+02
1.039149780273437500e+02
1.047223358154296875e+02
1.050466918945312500e+02
1.054148483276367188e+02
1.056598968505859375e+02
1.060569992065429688e+02
1.068737792968750000e+02
1.081665725708007812e+02
1.091687316894531250e+02
1.101690597534179688e+02
1.112547607421875000e+02
1.128712768554687500e+02
1.134700241088867188e+02
1.139325790405273438e+02
1.147166900634765625e+02
1.152316589355468750e+02
1.156043090820312500e+02
1.166417541503906250e+02
1.182378768920898438e+02
1.186110763549804688e+02
1.212986068725585938e+02
1.227189941406250000e+02
1.212038269042968750e+02
1.189239578247070312e+02
1.136326293945312500e+02
1.113922042846679688e+02
1.080141143798828125e+02
1.019285278320312500e+02
9.520372009277343750e+01
8.024552917480468750e+01
7.185369110107421875e+01
6.627253723144531250e+01
6.405878448486328125e+01
6.198946762084960938e+01
5.736444473266601562e+01
5.481748962402343750e+01
5.194624328613281250e+01
5.319422912597656250e+01
5.374817276000976562e+01
4.886790466308593750e+01
4.679890060424804688e+01
4.528906250000000000e+01
4.246279525756835938e+01
4.271192932128906250e+01
4.603660964965820312e+01
5.444681930541992188e+01
6.405950927734375000e+01
7.003270721435546875e+01
7.236078643798828125e+01
7.343041229248046875e+01
7.441087341308593750e+01
7.425968933105468750e+01
7.358053588867187500e+01
7.430530548095703125e+01
7.469161987304687500e+01
7.467492675781250000e+01
7.394460296630859375e+01
7.563124847412109375e+01
7.653383636474609375e+01
7.691791534423828125e+01
7.862383270263671875e+01
8.091130828857421875e+01
8.317113494873046875e+01
8.475024414062500000e+01
8.687522125244140625e+01
8.994802093505859375e+01
9.266233062744140625e+01
9.303407287597656250e+01
9.593828582763671875e+01
9.548752593994140625e+01
9.654264831542968750e+01
9.813169097900390625e+01
9.733924102783203125e+01
9.516071319580078125e+01
9.459610748291015625e+01
9.555821228027343750e+01
9.896510314941406250e+01
1.025409698486328125e+02
1.055083770751953125e+02
1.071685638427734375e+02
1.094815902709960938e+02
1.111527709960937500e+02
1.117173233032226562e+02
1.119990997314453125e+02
1.122419281005859375e+02
1.124193191528320312e+02
1.134595336914062500e+02
1.160432510375976562e+02
1.184019622802734375e+02
1.188848342895507812e+02
1.148469848632812500e+02
1.111672744750976562e+02
1.049871444702148438e+02
1.027082366943359375e+02
9.825292205810546875e+01
9.896750640869140625e+01
9.868688201904296875e+01
8.570742797851562500e+01
7.546495056152343750e+01
6.942970275878906250e+01
6.404696655273437500e+01
6.012876892089843750e+01
5.391083526611328125e+01
5.329407882690429688e+01
5.639313888549804688e+01
5.649997329711914062e+01
5.306124114990234375e+01
5.014770889282226562e+01
4.782106018066406250e+01
4.708359909057617188e+01
5.308480072021484375e+01
5.788107681274414062e+01
5.977806472778320312e+01
5.992391586303710938e+01
5.995649719238281250e+01
6.006557846069335938e+01
6.048591613769531250e+01
6.100390625000000000e+01
6.099834060668945312e+01
6.120444488525390625e+01
6.148815917968750000e+01
6.212481307983398438e+01
6.293056106567382812e+01
6.495254516601562500e+01
6.728162384033203125e+01
6.887486267089843750e+01
7.136470794677734375e+01
7.458398437500000000e+01
7.595011138916015625e+01
7.752200317382812500e+01
7.809554290771484375e+01
7.924391937255859375e+01
8.123040008544921875e+01
8.362889862060546875e+01
9.097644042968750000e+01
9.661565399169921875e+01
9.678649139404296875e+01
9.653705596923828125e+01
9.665904998779296875e+01
9.728958129882812500e+01
9.876416778564453125e+01
9.997264862060546875e+01
1.012216796875000000e+02
1.020366592407226562e+02
1.039371490478515625e+02
1.058287124633789062e+02
1.061621246337890625e+02
1.065325241088867188e+02
1.067188110351562500e+02
1.064940261840820312e+02
1.063110961914062500e+02
1.063296203613281250e+02
1.064006118774414062e+02
1.062033691406250000e+02
1.064772033691406250e+02
1.068975448608398438e+02
1.074636459350585938e+02
1.070771255493164062e+02
1.043227081298828125e+02
1.022373886108398438e+02
1.013282623291015625e+02
9.947254943847656250e+01
9.469406127929687500e+01
8.891312408447265625e+01
8.257566833496093750e+01
7.106729125976562500e+01
6.729476165771484375e+01
6.454566192626953125e+01
5.743421173095703125e+01
5.709170913696289062e+01
5.639351272583007812e+01
5.442273712158203125e+01
4.971984863281250000e+01
4.845910644531250000e+01
4.834319305419921875e+01
4.902068710327148438e+01
5.017184066772460938e+01
5.124544525146484375e+01
5.177252578735351562e+01
5.146652984619140625e+01
5.021726989746093750e+01
4.980811309814453125e+01
5.075087738037109375e+01
5.149477005004882812e+01
5.215446853637695312e+01
5.214270019531250000e+01
5.223544311523437500e+01
5.295116043090820312e+01
5.355743408203125000e+01
5.438057327270507812e+01
5.478305053710937500e+01
5.558554077148437500e+01
5.825882720947265625e+01
6.187188720703125000e+01
6.749275970458984375e+01
7.089266967773437500e+01
7.596804046630859375e+01
8.028703308105468750e+01
8.355229187011718750e+01
8.401015472412109375e+01
8.281083679199218750e+01
8.120410919189453125e+01
7.949846649169921875e+01
8.115509033203125000e+01
8.465338134765625000e+01
8.678801727294921875e+01
8.967812347412109375e+01
9.361260986328125000e+01
9.604174041748046875e+01
9.685286712646484375e+01
9.744349670410156250e+01
9.835900878906250000e+01
9.843095397949218750e+01
9.808492279052734375e+01
9.903098297119140625e+01
1.009883041381835938e+02
1.035846252441406250e+02
1.049880981445312500e+02
1.075322570800781250e+02
1.079712905883789062e+02
1.056814346313476562e+02
1.013282012939453125e+02
9.415104675292968750e+01
8.848459625244140625e+01
8.313572692871093750e+01
7.753330993652343750e+01
7.426414489746093750e+01
7.238671875000000000e+01
6.729801177978515625e+01
6.212914276123046875e+01
5.794579696655273438e+01
5.622747039794921875e+01
5.132471466064453125e+01
5.638877105712890625e+01
5.968148040771484375e+01
5.984148025512695312e+01
5.998092651367187500e+01
5.941629028320312500e+01
5.789353561401367188e+01
5.595945739746093750e+01
5.474583053588867188e+01
5.422711181640625000e+01
5.436024475097656250e+01
5.430662536621093750e+01
5.540473175048828125e+01
5.571252822875976562e+01
5.666354751586914062e+01
5.817958068847656250e+01
5.921355438232421875e+01
6.015428161621093750e+01
6.028015899658203125e+01
6.011414337158203125e+01
6.023628997802734375e+01
6.053495788574218750e+01
6.158277511596679688e+01
6.333539581298828125e+01
6.556723022460937500e+01
6.716363525390625000e+01
6.871125030517578125e+01
7.008706665039062500e+01
7.112956237792968750e+01
7.147093200683593750e+01
7.140583801269531250e+01
7.155406188964843750e+01
7.134717559814453125e+01
7.143605041503906250e+01
6.988335418701171875e+01
6.699818420410156250e+01
6.544138336181640625e+01
6.639932250976562500e+01
6.887465667724609375e+01
7.042200469970703125e+01
7.154443359375000000e+01
7.166535186767578125e+01
7.248629760742187500e+01
7.314665222167968750e+01
7.413887786865234375e+01
7.444989013671875000e+01
7.503153991699218750e+01
7.528569793701171875e+01
7.473277282714843750e+01
7.393711853027343750e+01
7.310360717773437500e+01
7.309773254394531250e+01
7.342713165283203125e+01
7.317713165283203125e+01
7.323029327392578125e+01
7.318056488037109375e+01
7.298268890380859375e+01
7.349032592773437500e+01
