1.042416559355110053e+02
1.055870421633863288e+02
1.050792572240085150e+02
1.042734002298237073e+02
1.047212502630860627e+02
1.045284737384551761e+02
1.032703797158628021e+02
1.035722723155866447e+02
1.034306862449673616e+02
1.030009060551643074e+02
1.025051208775035008e+02
1.022896445097885731e+02
1.021067670794677014e+02
1.026603471786035016e+02
1.025764028792675191e+02
1.020089662942160658e+02
1.021438552796263508e+02
1.025396907569154479e+02
1.022648562018560483e+02
1.014049056410470939e+02
1.011501109448466025e+02
1.015236438962526364e+02
1.014497904758624571e+02
1.023723869537369069e+02
1.012651343677817124e+02
1.011964095765308400e+02
1.020362061347667577e+02
1.024383804507646971e+02
1.031461258943806030e+02
1.032152508745283370e+02
1.034995768801518210e+02
1.033667981318389053e+02
1.036229198617613889e+02
1.032808574781598878e+02
1.028814020960587214e+02
1.025207469141354721e+02
1.020868834956491611e+02
1.017177596253739296e+02
1.015040221924129185e+02
1.015385148567658291e+02
1.013891622457597634e+02
1.011944863847137697e+02
1.012909459279643727e+02
1.017977089466253346e+02
1.021460897808699713e+02
1.022765912157506989e+02
1.033003641331661271e+02
1.030986003057788878e+02
1.028160857921509432e+02
1.023512223185386176e+02
1.023094935478341512e+02
1.017858960294773283e+02
1.017492581299803902e+02
1.016681730752648321e+02
1.021542492834009153e+02
1.016195100041125556e+02
1.014727719152427454e+02
1.011370080352662910e+02
1.011982015430211135e+02
1.007622948178753290e+02
1.001832685784250572e+02
1.030996827862858254e+02
1.045406274697558899e+02
1.052159440649340638e+02
1.030818998375814317e+02
1.003633536305356131e+02
9.796284566738364674e+01
9.505023452844083920e+01
9.190375388427818848e+01
9.285836225535418009e+01
9.709258477526768161e+01
1.023526582015712592e+02
1.044517669919550542e+02
1.046285896206329085e+02
1.051692665436000169e+02
1.051954162343171220e+02
1.055863301533023417e+02
1.057538930493244607e+02
1.062394432977970382e+02
1.073024746867865105e+02
1.088696650691855865e+02
1.096825703394503222e+02
1.106699050983694121e+02
1.117947364030455333e+02
1.137149240591918300e+02
1.136871880137385915e+02
1.140626412291694010e+02
1.150343209067722796e+02
1.153806167957063309e+02
1.156639402908382834e+02
1.170946587392646023e+02
1.190116272167239373e+02
1.186376215546683852e+02
1.227002026607659246e+02
1.233321824638211410e+02
1.200546865245983383e+02
1.173456576920471548e+02
1.103000640742827301e+02
1.099523121381613038e+02
1.059323138550353889e+02
9.828813750779809766e+01
9.127257303302000935e+01
7.152069877877518422e+01
6.724546300783433139e+01
6.345095123663679715e+01
6.331123809406933844e+01
6.135151417195474011e+01
5.523084049381146343e+01
5.397623759999451210e+01
5.093974817952953060e+01
5.466334750922635521e+01
5.477477362668036420e+01
4.665117626084893487e+01
4.631183934109441935e+01
4.515239908869720864e+01
4.155556544032228317e+01
4.365779930230991113e+01
4.878792520755985151e+01
6.014775108973700668e+01
7.033114389528962818e+01
7.398916275844938184e+01
7.405742181507737598e+01
7.433926934927929153e+01
7.524484143065238584e+01
7.440296757794735072e+01
7.340865550402132556e+01
7.497066272554749844e+01
7.514029934769214947e+01
7.487426965564706904e+01
7.371719435476147453e+01
7.684174060198699863e+01
7.724902804962255232e+01
7.730789221162865488e+01
7.978632584007270623e+01
8.238736009509312908e+01
8.459145838387972560e+01
8.572948068004895106e+01
8.815060108953194629e+01
9.174908013609683621e+01
9.420165252912022424e+01
9.314452574393821749e+01
9.754188088758859010e+01
9.506132977877159362e+01
9.701635142215589269e+01
9.890608369049770943e+01
9.668185713958730787e+01
9.369904355506869820e+01
9.412625592437406397e+01
9.600192265031583361e+01
1.008402997489300503e+02
1.044627913571378315e+02
1.070153931098150224e+02
1.078585323367687181e+02
1.105352201859648744e+02
1.117945391067727172e+02
1.116835590856082945e+02
1.117951713888219274e+02
1.120166642799022583e+02
1.121577042644788520e+02
1.137112390285311108e+02
1.171964215483193215e+02
1.193864653543646313e+02
1.187295131802673467e+02
1.120202717600242579e+02
1.086261413887333447e+02
1.010354264082489237e+02
1.011682042507290760e+02
9.546784232799684844e+01
9.931268063540625235e+01
9.843369835676216439e+01
7.795825379956573897e+01
6.954746717324255201e+01
6.616355265216914461e+01
6.126000381641269144e+01
5.828820008313854828e+01
5.076747650523948607e+01
5.355175157915009265e+01
5.884405802160013366e+01
5.712062757277082881e+01
5.157531690354799281e+01
4.901828139760650771e+01
4.707498952093713740e+01
4.730242632959588178e+01
5.728294017693821871e+01
6.125563619350795364e+01
6.135032934842232777e+01
6.042155839787134397e+01
6.037646995892389867e+01
6.052198630464157247e+01
6.111625408316110963e+01
6.167702701167925738e+01
6.134604739154142550e+01
6.166984426962803667e+01
6.198868062723743577e+01
6.282192688528346736e+01
6.371004461083389714e+01
6.643019278176983278e+01
6.890075816412496579e+01
7.001529961340867203e+01
7.300334833306936844e+01
7.660779357664570455e+01
7.682295598175703333e+01
7.849137674617949756e+01
7.844756804255374050e+01
7.992456070239978771e+01
8.238573003578538589e+01
8.499377257470995062e+01
9.522325053843013620e+01
9.973233224708602052e+01
9.658390544032518221e+01
9.608831428336438307e+01
9.643853728582821816e+01
9.737193207215864277e+01
9.933895364407895556e+01
1.003705510891280994e+02
1.016285853465562354e+02
1.021720312763037981e+02
1.047055887034607906e+02
1.065662117013178687e+02
1.059548135126062505e+02
1.063485441102443616e+02
1.064270397250103031e+02
1.059635853008125395e+02
1.058161800511740296e+02
1.059635869801708452e+02
1.060719992587114433e+02
1.057218983974735238e+02
1.062837142803264072e+02
1.067924376518717224e+02
1.074440162638855298e+02
1.064922124027436041e+02
1.023531060134774151e+02
1.007151339114709288e+02
1.005405649484556676e+02
9.814598093151145974e+01
9.167759506505595368e+01
8.538849224298095919e+01
7.882129202723615435e+01
6.436688979575855285e+01
6.535123671189873562e+01
6.326397956898602359e+01
5.361712025994886943e+01
5.738175202418254628e+01
5.646998772418348977e+01
5.375040807384102948e+01
4.745841915728311733e+01
4.829816364191836442e+01
4.886783262340598100e+01
5.000408767703451218e+01
5.141214106172300546e+01
5.240974091376422450e+01
5.258582693074866654e+01
5.176934097178760652e+01
4.995879943161664016e+01
5.005681393149661318e+01
5.179452519251613296e+01
5.239543238284990423e+01
5.298359798442652391e+01
5.255545812798237648e+01
5.270141477864579116e+01
5.377475139302867291e+01
5.429606966714413829e+01
5.522904111410630890e+01
5.536175123536781939e+01
5.638627814372826208e+01
6.014324507413618903e+01
6.425951569277519582e+01
7.099920115279994093e+01
7.298962958699908654e+01
7.899430864178901857e+01
8.278034738746505639e+01
8.535147315041626825e+01
8.409915805843697001e+01
8.191658467457357062e+01
8.009210225403515437e+01
7.835720509833494418e+01
8.202855651651260871e+01
8.658722366844801854e+01
8.786009570331928842e+01
9.116310197722950193e+01
9.566899621462317782e+01
9.714804468565718309e+01
9.696901682217502128e+01
9.742210196964819602e+01
9.852582294879874780e+01
9.809102750696251860e+01
9.750377325932214490e+01
9.922483688402748214e+01
1.017695818162995636e+02
1.047168930977580601e+02
1.053800220605690470e+02
1.085817938947733410e+02
1.077439863780622602e+02
1.038450953372315553e+02
9.832134907635766297e+01
8.955852521222891482e+01
8.491052363297779948e+01
7.984825714775118399e+01
7.418818165580849211e+01
7.239061280146900401e+01
7.138823488474507428e+01
6.443353125366945733e+01
5.929989805497724120e+01
5.578051734034789177e+01
5.558126785168462192e+01
4.882075951625325416e+01
5.984181495433160336e+01
6.199524673159425703e+01
6.024390685505327525e+01
6.036243659787469085e+01
5.937396011121450101e+01
5.728935205848585355e+01
5.513210706126275085e+01
5.436978129545487093e+01
5.427470069889987769e+01
5.479413102875615493e+01
5.462088209574331188e+01
5.639261036449447317e+01
5.620863911723538564e+01
5.752765023308448633e+01
5.935492525464857039e+01
6.007310984670274934e+01
6.093616573084709387e+01
6.056045771485096196e+01
6.021553249829491961e+01
6.050611811093124004e+01
6.090253243861313592e+01
6.238320689186251400e+01
6.453012390569575985e+01
6.701169796910255627e+01
6.819257386121266507e+01
6.968230377776598061e+01
7.092900446008071924e+01
7.175046434339078871e+01
7.165975843741038886e+01
7.134860169752053594e+01
7.162349562899828470e+01
7.120421077572966340e+01
7.147084141520139156e+01
6.894749672178303967e+01
6.530164819406458321e+01
6.457643830065669022e+01
6.704299223015894427e+01
7.039570674994348565e+01
7.135212044632774564e+01
7.219687371436562273e+01
7.170745827311476717e+01
7.293945925500699445e+01
7.349125805169656189e+01
7.466853349265039697e+01
7.456134217843947454e+01
7.529828439945367791e+01
7.535028376544686068e+01
7.431782309113108909e+01
7.338931077556415516e+01
7.254774669575809298e+01
7.304498643765795407e+01
7.357277767560941584e+01
7.297572833429268258e+01
7.321252332742101032e+01
7.310163486175950709e+01
7.281762102533978975e+01
7.374540618812496007e+01
