1.603790997748907330e+02
1.587857392853594547e+02
1.569381881117785440e+02
1.565664844693527584e+02
1.564675217875531814e+02
1.561862651240696209e+02
1.564035131249873700e+02
1.560750643568059957e+02
1.564429634547631736e+02
1.563533331511128495e+02
1.560246132166924724e+02
1.558054637600301930e+02
1.552239565457735750e+02
1.559683239141931210e+02
1.563245730929587012e+02
1.561341147580913287e+02
1.559196819286605660e+02
1.559789250072565778e+02
1.559081826050458517e+02
1.563511196594743922e+02
1.563353731360261065e+02
1.562723764519242593e+02
1.560220407000468299e+02
1.561522072249748874e+02
1.566149370464509616e+02
1.558554673188401694e+02
1.564996817149243213e+02
1.561422359773731330e+02
1.561178308373358163e+02
1.565081933807107362e+02
1.560705663414813387e+02
1.562390617619777800e+02
1.563071863331412317e+02
1.568044925830329248e+02
1.582805078460011998e+02
1.576914507951758253e+02
1.573843412304805156e+02
1.561828802918019221e+02
1.551932130782309116e+02
1.547580084946353338e+02
1.542968213425001522e+02
1.544648509962455023e+02
1.550521503239315564e+02
1.549749286037339857e+02
1.543516282416530601e+02
1.543026158189873343e+02
1.541228004531647287e+02
1.540810795035836236e+02
1.539911895063001452e+02
1.541978358348064546e+02
1.538829656010703957e+02
1.529824968553672591e+02
1.523985868955728620e+02
1.519909480835518991e+02
1.513116297448085845e+02
1.505504219744458965e+02
1.498400814765121538e+02
1.492180160186104274e+02
1.497125585443268960e+02
1.482935460138846224e+02
1.484804266822542900e+02
1.501182788936532972e+02
1.513978610833603682e+02
1.521535128194877586e+02
1.502154592510306372e+02
1.491548531129644743e+02
1.467550745144778546e+02
1.459171737003076430e+02
1.427761338365881443e+02
1.425769499295589071e+02
1.420280414668675064e+02
1.421312619024299693e+02
1.425210300320014483e+02
1.468751748394726349e+02
1.481904138981387291e+02
1.494604664072435298e+02
1.474204871604302411e+02
1.460134455840199053e+02
1.484680165290172340e+02
1.490252764343815102e+02
1.480298997487424515e+02
1.495262382821330505e+02
1.513392311459583368e+02
1.508476990504764785e+02
1.504559244932306683e+02
1.505100604667290725e+02
1.498783382133750877e+02
1.508546719528941367e+02
1.508427078527592187e+02
1.495565233336785980e+02
1.488194629060343175e+02
1.505152010474264728e+02
1.534618096349714733e+02
1.531365667123989738e+02
1.517397396617413108e+02
1.470522852457635281e+02
1.436589739495604192e+02
1.377977611041984858e+02
1.351523162263739266e+02
1.302151776782886259e+02
1.201368859434307126e+02
1.094894280031002864e+02
8.692562168398475819e+01
8.369698051592635579e+01
8.004283903058008320e+01
7.894563858073072993e+01
7.764490988551504813e+01
7.077233888556456520e+01
7.071905901692001351e+01
7.525690356659247016e+01
8.837634391932033395e+01
8.944776872086572439e+01
8.683051391543496322e+01
9.277809261345102243e+01
1.010867956168094253e+02
1.073539729579814548e+02
1.154458690024135734e+02
1.334066303602999426e+02
1.477610720208211887e+02
1.600456334701967478e+02
1.628859948712405412e+02
1.622261663223878259e+02
1.619576266195245751e+02
1.612241129375261437e+02
1.622483977905751544e+02
1.602996767072770012e+02
1.584323584325586864e+02
1.573815358912387978e+02
1.589496235058803961e+02
1.581849161919948017e+02
1.564879556137239831e+02
1.568046618026980923e+02
1.559091348592765200e+02
1.574452523812266520e+02
1.556022654699290513e+02
1.565234467158925327e+02
1.569001782427234843e+02
1.564678804139363422e+02
1.552531008878413274e+02
1.556408560382892006e+02
1.568000627681374795e+02
1.567684451206558549e+02
1.567833539022727791e+02
1.528508699486800708e+02
1.526958067685974072e+02
1.512476971881868337e+02
1.506844288059404846e+02
1.511892292485531470e+02
1.491168932731680741e+02
1.512082955139588307e+02
1.540893993334582319e+02
1.575605439223156736e+02
1.581473877985947070e+02
1.592064735533537032e+02
1.587676808106203907e+02
1.567351091782950618e+02
1.557338224222866074e+02
1.562234540718063727e+02
1.545692857890414018e+02
1.539915456959057849e+02
1.542961090259840944e+02
1.546983724205059900e+02
1.511833225564217003e+02
1.408713993348831934e+02
1.354260574726084769e+02
1.262415175980731874e+02
1.248909353055567522e+02
1.188822269214261098e+02
1.229740945624145212e+02
1.211343333988555599e+02
1.008561314551882759e+02
8.960519063610387036e+01
8.483460593344770473e+01
8.205218437097643402e+01
7.846396234508381440e+01
7.211930870125051740e+01
8.564764191713885566e+01
1.057466880536917699e+02
1.073800161621456226e+02
1.070334413473912605e+02
1.103168693374704361e+02
1.183721855866066477e+02
1.289630968128435029e+02
1.524081423637525177e+02
1.557025180864571325e+02
1.592233102240212474e+02
1.609135988191319200e+02
1.604913589876456683e+02
1.616876066406796895e+02
1.613269436175749831e+02
1.625459775487411491e+02
1.625757708575541187e+02
1.600813182627877893e+02
1.598122874004901917e+02
1.576062201710107047e+02
1.544901655878593658e+02
1.553788119055468258e+02
1.552486059457799854e+02
1.553360583061997886e+02
1.553137250923616648e+02
1.558333380573913587e+02
1.556977007115198717e+02
1.576864694105136664e+02
1.580795826663175774e+02
1.584809951659933063e+02
1.591073621236634779e+02
1.595228779444253178e+02
1.594268854589818147e+02
1.617080138043603483e+02
1.637557697179657055e+02
1.669590383314300936e+02
1.669299622005781885e+02
1.648723264713406138e+02
1.644405711641041137e+02
1.632923067717248955e+02
1.634505849034873961e+02
1.641331525547514048e+02
1.652467339156651747e+02
1.657199114962367616e+02
1.636985302854015174e+02
1.640465578477719930e+02
1.612575690427799486e+02
1.604110518153783005e+02
1.594399714461594328e+02
1.569741416955040165e+02
1.557279693510838285e+02
1.541845595358968524e+02
1.528864076812615167e+02
1.501651064056842131e+02
1.472638828443417935e+02
1.447302964958896894e+02
1.358782613785027706e+02
1.329651675409022857e+02
1.310802154650956481e+02
1.322013568952592664e+02
1.236790618986814110e+02
1.149928826176167149e+02
1.085582895735806375e+02
9.073336139139736645e+01
9.417813980673327023e+01
9.265064528371019037e+01
8.033797327341407879e+01
8.090111801120146140e+01
9.392044844650192204e+01
1.038190273552532972e+02
1.075773070274131129e+02
1.144184682341744832e+02
1.269227178926475830e+02
1.347946700613337327e+02
1.461028234336048399e+02
1.507545282741654944e+02
1.577715187489488358e+02
1.596146144796346960e+02
1.616290145596085495e+02
1.607619340047937442e+02
1.627699931201231038e+02
1.596673145651355696e+02
1.596945578484855446e+02
1.567933072559725360e+02
1.557858558325431204e+02
1.533666168063460873e+02
1.545486535526807472e+02
1.517074698749161996e+02
1.530138270345159412e+02
1.526553730688766848e+02
1.534103439381656244e+02
1.518649848082559402e+02
1.552570098925789921e+02
1.535798490910682403e+02
1.573221828525832109e+02
1.680145427513778031e+02
1.732523778202116773e+02
1.761067023899066726e+02
1.707257694225408784e+02
1.657531515502597870e+02
1.585644272399149202e+02
1.585436863607911846e+02
1.605032049755578782e+02
1.579693740614244746e+02
1.594626229430259627e+02
1.632113961535081046e+02
1.652208485847832264e+02
1.578929036771944823e+02
1.591432479487062324e+02
1.592513557881982820e+02
1.559379022167045150e+02
1.555332730479202610e+02
1.565771634212014192e+02
1.561333411128592275e+02
1.560035943529274505e+02
1.552776141230619658e+02
1.533477793707444334e+02
1.501618736758277066e+02
1.463192981345051180e+02
1.412797520245675287e+02
1.311721162657674427e+02
1.267768024211294602e+02
1.224648850706805945e+02
1.174677904179405488e+02
1.182968564330009258e+02
1.157966840815632992e+02
1.115375719413372195e+02
1.116261839543892620e+02
1.009926604066660758e+02
1.050533277834516497e+02
9.801868404954561242e+01
1.410514952738426189e+02
1.554786110204647969e+02
1.573065978852473563e+02
1.660144331984363077e+02
1.687945217348159019e+02
1.645866143691593209e+02
1.670172112950914709e+02
1.704269140419237374e+02
1.710962270288071352e+02
1.691493087730283094e+02
1.674876561149249028e+02
1.641001687574580501e+02
1.632624369756646274e+02
1.671787314429378455e+02
1.670414445828358794e+02
1.681098478452919949e+02
1.676886824609215410e+02
1.657788672684051789e+02
1.630413901671463179e+02
1.626335266950901257e+02
1.622942876415708042e+02
1.634898745308778416e+02
1.697647031713050865e+02
1.745839266088097759e+02
1.764771474302167178e+02
1.775450786630117932e+02
1.763156504600893584e+02
1.759985105686111524e+02
1.779463417621380472e+02
1.778554303272727850e+02
1.769022409408532894e+02
1.765787490650712073e+02
1.767057276898348732e+02
1.723307478803536981e+02
1.617185687872929805e+02
1.607263633505694429e+02
1.644205664152331394e+02
1.710934508484389767e+02
1.710968770722265049e+02
1.726689924779747685e+02
1.727438174596494207e+02
1.730527814882328244e+02
1.733700385543114351e+02
1.748823218860078725e+02
1.753659765846133780e+02
1.754961613018062678e+02
1.755394126179817533e+02
1.756338769792963603e+02
1.752782148711453090e+02
1.760901855100893840e+02
1.781680432546325505e+02
1.777605239186122219e+02
1.779815838877039766e+02
1.765358833104446035e+02
1.773638926590333540e+02
1.780898517874107938e+02
1.771096658279053031e+02
