1.660039722071313122e+02
1.678408436945587709e+02
1.634100990148137100e+02
1.633062911908784542e+02
1.577071504685599166e+02
1.575191721732036569e+02
1.590261922473972049e+02
1.625335153529654519e+02
1.641467840629562431e+02
1.641072955311152839e+02
1.638665942359669998e+02
1.637243659360340757e+02
1.630517271245053905e+02
1.629090434353976207e+02
1.635917606244951799e+02
1.628929228356226986e+02
1.613177179623181416e+02
1.613416546641106208e+02
1.610476622191394256e+02
1.604278854665775214e+02
1.581407764031730778e+02
1.582906119773594185e+02
1.583623752179924224e+02
1.577382499143233474e+02
1.602289541782399453e+02
1.609719276329166746e+02
1.607853899093570078e+02
1.619408744354762746e+02
1.623426015355721859e+02
1.623865643048838479e+02
1.639801091051313051e+02
1.619382626289522591e+02
1.602821712942638612e+02
1.605988742832127230e+02
1.610107329003058396e+02
1.622844222935848961e+02
1.602382966720915078e+02
1.597583515034528716e+02
1.611847051275858291e+02
1.614638963875730440e+02
1.598328915355926938e+02
1.596007551555796624e+02
1.578276435595169289e+02
1.566020528146980553e+02
1.568327772082021170e+02
1.563368061986354292e+02
1.563332324533788835e+02
1.513886158479318169e+02
1.528581669773662952e+02
1.534391621029652697e+02
1.511842512655596806e+02
1.525691997725494957e+02
1.531447563555283864e+02
1.546943676352748298e+02
1.547844125845346923e+02
1.538608185692555423e+02
1.494058028089887102e+02
1.448067036466722755e+02
1.405071520365182494e+02
1.345663248369610301e+02
1.327560418905304971e+02
1.312804732667223675e+02
1.266773732481991459e+02
1.236419353475760374e+02
1.172002968464197608e+02
1.135705229853003004e+02
1.108994096067805657e+02
1.115762829344687646e+02
1.107569736826742570e+02
1.154199317564275873e+02
1.145042000757111964e+02
1.209349261874900350e+02
1.235063950210305848e+02
1.297742834540974570e+02
1.350159524788777219e+02
1.361250599357039448e+02
1.382927078458336041e+02
1.394042829343825645e+02
1.421717378441663300e+02
1.448097291285994288e+02
1.453139578938949228e+02
1.507736286340399943e+02
1.535565866140055107e+02
1.546104787959891098e+02
1.520891796557293389e+02
1.496806755800210738e+02
1.486646723768062941e+02
1.481673636885552412e+02
1.464970767850608695e+02
1.494959210314629559e+02
1.445160057446202018e+02
1.487591697271923863e+02
1.534418521138060214e+02
1.541887445038080386e+02
1.513769327737710455e+02
1.478628833135676928e+02
1.499990212337408195e+02
1.504248345509984404e+02
1.496642844158542687e+02
1.522036518306898074e+02
1.496228454754439667e+02
1.466826932939044639e+02
1.400571799414793759e+02
1.444273092277219348e+02
1.466404409717267754e+02
1.482836321889466547e+02
1.426495653517243341e+02
1.391800377833928053e+02
1.402489962892540234e+02
1.448563417342602690e+02
1.518035528699179508e+02
1.533045127934919662e+02
1.545869432998727291e+02
1.550494458205777164e+02
1.551583087815012334e+02
1.578211612491452911e+02
1.582822065341803182e+02
1.583367014557582593e+02
1.594005609139589410e+02
1.612758446547118751e+02
1.622508018354742205e+02
1.617270916967154619e+02
1.611977383178189598e+02
1.616874534586379184e+02
1.612052555258503048e+02
1.603038840998015644e+02
1.600359031018034841e+02
1.600560460040767623e+02
1.597970585155497076e+02
1.569749535996926966e+02
1.509670055267820032e+02
1.472717391573082182e+02
1.434794440037599088e+02
1.332696334326868453e+02
1.314071380788981003e+02
1.251145553992538311e+02
1.220880364773463640e+02
1.168956880213431333e+02
1.117410661595558707e+02
1.084055761179451594e+02
1.117710891284715302e+02
1.123494053470607525e+02
1.129775182373596891e+02
1.134967371911458969e+02
1.100937780824133085e+02
1.148667045708978804e+02
1.216006771319077586e+02
1.218523847148162389e+02
1.202855301763953833e+02
1.278173883798975083e+02
1.366330132203547123e+02
1.457283877132630892e+02
1.548538800845271624e+02
1.579631356853326736e+02
1.577467112712921846e+02
1.571835966742158632e+02
1.584145052896479626e+02
1.595700842136545532e+02
1.589832650128844591e+02
1.577577151225154353e+02
1.579068681748008203e+02
1.579730244779154589e+02
1.537569887319703241e+02
1.544825381782312945e+02
1.546670744684889200e+02
1.526368641143822913e+02
1.546659225261888082e+02
1.544612463690231152e+02
1.556594284165685451e+02
1.528774391429901414e+02
1.542107153411874663e+02
1.536378334323775903e+02
1.557377806385894132e+02
1.604190865649387092e+02
1.557996017272744780e+02
1.537331396792711757e+02
1.677760721270586259e+02
1.698149598356200158e+02
1.715574450390969901e+02
1.703019682208710321e+02
1.661023700151504841e+02
1.644337455586962449e+02
1.657026688393916345e+02
1.685524146518011150e+02
1.672155982414765560e+02
1.666744089235932336e+02
1.680295569608616404e+02
1.686490257302103828e+02
1.692059241433993577e+02
1.703334187927180494e+02
1.690472838519238223e+02
1.673782536520424458e+02
1.655643613372809853e+02
1.645854275934268003e+02
1.634010349110900506e+02
1.627868173356503974e+02
1.591679383123837113e+02
1.521292662927300228e+02
1.450308969710761744e+02
1.375657381018451417e+02
1.340051414685328837e+02
1.297115489504306822e+02
1.087769571215134050e+02
1.088615042163661428e+02
1.083682930431267124e+02
1.071469552768243858e+02
1.064467907416902790e+02
1.070453752892804005e+02
1.056656583164537579e+02
1.113672505892672717e+02
1.168594349177933083e+02
1.218784134576223153e+02
1.311556439998169878e+02
1.428079357224760884e+02
1.502648714059097017e+02
1.548871360867542251e+02
1.585307703574275422e+02
1.633636949567059844e+02
1.645175776715998381e+02
1.658264089931402339e+02
1.671213221791520311e+02
1.671029769268895677e+02
1.681789465379146407e+02
1.696608059267635724e+02
1.689234547871259053e+02
1.672301474936780039e+02
1.662188745391397049e+02
1.628570558752876991e+02
1.628103303606356747e+02
1.619536855734800440e+02
1.623665936778713217e+02
1.598451735575563362e+02
1.589279520029585058e+02
1.572618231332766641e+02
1.583606593975548265e+02
1.517277944177882887e+02
1.484121487434711639e+02
1.509037286009343006e+02
1.520583573224180896e+02
1.520224045500726504e+02
1.624725284252808422e+02
1.685741179874401041e+02
1.647239579031952701e+02
1.692488618779829324e+02
1.718945927217108078e+02
1.714479955648762939e+02
1.730188880706731993e+02
1.693386801965438337e+02
1.694825188085330012e+02
1.706817256325443566e+02
1.705010863059445967e+02
1.714301017057327954e+02
1.718230008209065147e+02
1.700532514736076450e+02
1.693473793782347627e+02
1.681393456130707307e+02
1.658420700298341046e+02
1.641904004840383777e+02
1.626302484264952568e+02
1.599037249639653737e+02
1.569725342093714175e+02
1.507776109348290845e+02
1.458596861824627808e+02
1.339956069278654240e+02
1.207456962927857802e+02
1.135143731297662981e+02
1.105650971979417392e+02
1.082120641149011107e+02
1.088989053947464214e+02
1.125915473500425179e+02
1.160141317554185605e+02
1.148713564043651303e+02
1.119844663126431499e+02
1.145558253053865911e+02
1.159448282355991324e+02
1.253979330280020861e+02
1.269592929853943275e+02
1.322189678634173617e+02
1.381304685820537657e+02
1.443543376737451069e+02
1.488827250084736136e+02
1.548688090625931579e+02
1.592809657532221479e+02
1.617543801229465714e+02
1.632067791216751687e+02
1.635898301729875755e+02
1.640435183433617965e+02
1.660398006640493804e+02
1.644534482414332786e+02
1.644703727533563153e+02
1.634417529299711020e+02
1.609924875186868007e+02
1.594101595518213230e+02
1.579826127009676782e+02
1.584511559824302367e+02
1.575966290384574791e+02
1.580507952435785342e+02
1.588467514252774606e+02
1.590286115106868294e+02
1.575750607700511807e+02
1.575037238616822322e+02
1.598061461844278313e+02
1.588065003717113655e+02
1.585427868141145211e+02
1.580554988063783810e+02
1.600768516180311565e+02
1.606411126596004522e+02
1.619163689550162246e+02
1.637076388004200282e+02
1.635027147157589695e+02
1.621940378455138045e+02
1.640932127088095172e+02
1.643550644986995906e+02
1.659857960721525387e+02
1.663514056828515493e+02
1.651308726965523874e+02
1.648480775429742096e+02
1.639732505032024221e+02
1.631299268391996691e+02
1.615020098099462587e+02
1.599359903297229266e+02
1.583811466858139170e+02
1.568799580383240198e+02
1.553002187216951029e+02
1.523621463616962899e+02
1.476143606814555653e+02
1.426147206620589145e+02
1.365401624054310616e+02
1.325620848932854585e+02
1.313835690309232405e+02
1.278993406143324449e+02
1.228562146705405951e+02
1.199229199006738611e+02
1.180131688346301360e+02
1.177017140878433707e+02
1.188522180050704407e+02
1.206684502068773241e+02
1.234437041190793281e+02
1.258662982427971571e+02
1.340621897800533588e+02
1.410081342764207193e+02
1.465241833492233354e+02
1.491501576575309116e+02
1.521124666851364964e+02
1.538386916817040344e+02
1.553406242331685121e+02
1.573961018003613219e+02
1.583487736015150631e+02
1.588733691362226637e+02
1.603438378913199358e+02
1.609715168468593163e+02
1.614801086878872241e+02
1.607394750844958367e+02
1.613107492817725017e+02
1.609241765071708983e+02
1.609887885821733562e+02
1.604521945916634422e+02
1.598175271898021776e+02
1.602382407091520236e+02
1.613600291786208061e+02
1.617574804687597521e+02
1.612648693184343927e+02
1.614072217699310272e+02
