1.036533737880883450e+02
1.015354691516277228e+02
9.169624367263268994e+01
9.062222517764497809e+01
7.923312998618281711e+01
8.244647554419731250e+01
8.607371449880305647e+01
9.053688507494544524e+01
8.914067171216836982e+01
8.941176174658704667e+01
8.918837078333227453e+01
8.927843974802800631e+01
8.963263313758824324e+01
9.050119437988929860e+01
8.920551395647936488e+01
8.515761474944147835e+01
8.237969364031894770e+01
8.265692568382424099e+01
8.280631114928341674e+01
8.152529098450202127e+01
7.613427905575228749e+01
7.713165935511086957e+01
7.821967838492368230e+01
7.587178967892461401e+01
8.248794347456120590e+01
8.437636168358451982e+01
8.329335570803938538e+01
8.537955027274652764e+01
8.613995874287356003e+01
8.582567301220690581e+01
8.453925520389819326e+01
7.974727357237728143e+01
7.550433612725247201e+01
7.870616831154508475e+01
8.080225054578318122e+01
8.342255803523764257e+01
7.997004484674484104e+01
7.565446170037779439e+01
7.859232000062343104e+01
8.265476805306384733e+01
8.226714284188994952e+01
8.238416066187377851e+01
7.919968111490008766e+01
7.670756899308935317e+01
7.792024959388949412e+01
7.639900587371359109e+01
7.560852842434768206e+01
6.622891622543077972e+01
7.275610222338900712e+01
7.602365693899622556e+01
7.200239856677552552e+01
7.455168443553260715e+01
7.814654814185880127e+01
8.515500091804706528e+01
8.708576019550318392e+01
8.775593629693817377e+01
8.143111021763455426e+01
7.459574770064423888e+01
7.117984416935522063e+01
6.234110368565912808e+01
6.124809269767710873e+01
6.047604491168748808e+01
5.786553709313256633e+01
5.576874085641033219e+01
4.478215451110008871e+01
3.978786836184211495e+01
3.470638852829246446e+01
3.517575485185451356e+01
3.609947164936374264e+01
3.867044199398221593e+01
3.477344293838873313e+01
3.448944217694378267e+01
3.185435587063932417e+01
3.587212792351613899e+01
3.724686387469352411e+01
3.647043990550388770e+01
3.532426696902216889e+01
3.625827848924216568e+01
3.971773465639974887e+01
4.151552157208023885e+01
3.818183843945151068e+01
4.326407610194999620e+01
4.434570378745724639e+01
4.647215299631349694e+01
3.886908977882561800e+01
3.705092589777365930e+01
3.549117653288703167e+01
3.829590258018566118e+01
3.812080016998773146e+01
4.368768492443643225e+01
4.406644706924393518e+01
4.974915179739759452e+01
5.786899698312821982e+01
5.885667048607537311e+01
5.815944447117011862e+01
5.790272614773793691e+01
5.638771468266183717e+01
5.978044769770394851e+01
5.951381407323795258e+01
6.665373867464434454e+01
6.608034613311149030e+01
6.200128229900424515e+01
5.397183237805818834e+01
5.965447239347926001e+01
6.425257191021331948e+01
6.905948927085249522e+01
6.246466729860675571e+01
6.162744618593065837e+01
6.271385592814994681e+01
6.728175693253993472e+01
7.547044137492888183e+01
7.808210084131641793e+01
8.077008439424135133e+01
8.055689275881344713e+01
7.919990530275809704e+01
8.024316037718945438e+01
8.335239312377744625e+01
8.677516079642391844e+01
9.636496312269883902e+01
1.011661489268716565e+02
1.049835632871380255e+02
1.072442494495256540e+02
1.096003776377165622e+02
1.115635176484246074e+02
1.128879902966453272e+02
1.143522239914812531e+02
1.161788223559040460e+02
1.177191992380514591e+02
1.182056434157887708e+02
1.170717653513037106e+02
1.127510030946135799e+02
1.102603087651787064e+02
1.061405784245537234e+02
9.589663183492159249e+01
9.317444078898785165e+01
8.575106041952217595e+01
8.306304398252517274e+01
7.599447072956945703e+01
6.875810995907346523e+01
6.110610822820983401e+01
6.297951162559063221e+01
6.000436403804571484e+01
5.722588723821355927e+01
5.496068848799086481e+01
5.012598037240132953e+01
5.106792641613797201e+01
4.987952694695121636e+01
4.660848943454220716e+01
4.281285263613045089e+01
4.565400401828594568e+01
4.659651584157492721e+01
5.188727213356690271e+01
5.134233966275496641e+01
4.926613914828533325e+01
4.588138491668893693e+01
4.289049832667688378e+01
4.324900025467592712e+01
4.433609553826080685e+01
4.682312459930242454e+01
4.914921750077763107e+01
5.255277885046002240e+01
5.316961677285466692e+01
5.034107369063585935e+01
5.600772916919265043e+01
6.079060765248657816e+01
6.135808526816126829e+01
6.449198281407596767e+01
6.711377181821120530e+01
7.129783016251224126e+01
7.127472575563274404e+01
7.004239078051685397e+01
7.063628674361061144e+01
7.799292278604232820e+01
8.517138672787849885e+01
8.577094698526232719e+01
8.314511195471403937e+01
8.853374638509234273e+01
9.384846476427388495e+01
9.585673112583332056e+01
9.524738780876951694e+01
9.622006537283267846e+01
9.785462685935297600e+01
9.870553351965712352e+01
1.038584420929078505e+02
1.067425965091368454e+02
1.094370552688383214e+02
1.114040234126185993e+02
1.135881379587487459e+02
1.169980714062657086e+02
1.194998368941703433e+02
1.197179297246274388e+02
1.200407242623583812e+02
1.227207111725699633e+02
1.237830657445229292e+02
1.247359386547085762e+02
1.257856684806736212e+02
1.244020878177286846e+02
1.207637527615854367e+02
1.140923890267884531e+02
1.079997206496552451e+02
1.035463412133864267e+02
9.466896474134605910e+01
6.799447075015606856e+01
6.509757318705663920e+01
6.178994192583203215e+01
5.757448908701237400e+01
5.345007914581677966e+01
4.961057583116372882e+01
4.639064200286068029e+01
4.703864889691973872e+01
4.676111209398025181e+01
5.012561309252557606e+01
5.030899350155334560e+01
5.546418749032648066e+01
5.980348212956548082e+01
6.116877407970014247e+01
5.891519317864359095e+01
5.445955368589638113e+01
5.210418044466791798e+01
5.140724466221484334e+01
4.969401702637579632e+01
4.974780784099159803e+01
5.301723189720579654e+01
5.501538164607813997e+01
5.570053341162567051e+01
5.619229609827122829e+01
5.648205582182039564e+01
5.720488296781872606e+01
5.996490667367111627e+01
6.262245246392419062e+01
6.552992008825714265e+01
6.567381865023973830e+01
6.498148176614031968e+01
6.433813697849519997e+01
6.646785180587897912e+01
6.251848106093971325e+01
6.310751975726761032e+01
6.330967176027526477e+01
6.647792183286566114e+01
7.061518572006725947e+01
8.104690319885844474e+01
9.179125802681018342e+01
9.191504914205016519e+01
9.456604549338061361e+01
9.442131282975444151e+01
9.284352380500719448e+01
9.785556425677063430e+01
9.771640601244988034e+01
1.000760470326495550e+02
1.026114799492731322e+02
1.044802902301387348e+02
1.064723297008584524e+02
1.101441962989581782e+02
1.051850757917206067e+02
1.034718982198016874e+02
1.057581261235278589e+02
1.087870955073962165e+02
1.139280717382046930e+02
1.130501814967137335e+02
1.132941568748745169e+02
1.131277589158176937e+02
1.094648200030526084e+02
1.073158874336182862e+02
9.826478359115854744e+01
8.422662158138658128e+01
7.545902020533529253e+01
7.044874247825241298e+01
6.696683703894835560e+01
6.713518249056340892e+01
6.769696419986971136e+01
6.311001282008515290e+01
5.729745283301019754e+01
5.097610620982781882e+01
4.703039497520785517e+01
4.367194564054751993e+01
4.325459027695205805e+01
4.069694902526449454e+01
4.140588161252489385e+01
4.282401022423466230e+01
4.505930779747667003e+01
4.585095054457702446e+01
4.565377638479566968e+01
4.632205556090270449e+01
4.649624349118579403e+01
4.737185103539006548e+01
4.893721310099450506e+01
4.880644979469978040e+01
5.223491981065420475e+01
5.416276673702900268e+01
5.649665767476467693e+01
5.660755648163497966e+01
5.813697672266778227e+01
5.823713321405121945e+01
5.762045247530810599e+01
5.748520421356867871e+01
5.579294954800164419e+01
5.535080577310701955e+01
5.437192381541693464e+01
5.484641352166310213e+01
5.655627318072735932e+01
5.858341765556564695e+01
6.050728843451248906e+01
6.022697870953475530e+01
6.156958043488346988e+01
6.393499591626646605e+01
6.668739895244841875e+01
6.794234891623045769e+01
6.885524828261409880e+01
7.125323874493764720e+01
6.948972121153748560e+01
7.090891633992313814e+01
7.472722630680972600e+01
7.615333465629610998e+01
7.466050502470950789e+01
7.716515868610460416e+01
7.860519598425914012e+01
7.973210331866096112e+01
8.252670183155862560e+01
8.294355640863931001e+01
8.390001289790711780e+01
8.537026885158219613e+01
8.670983645187274647e+01
8.777748056328688619e+01
8.822894168922728397e+01
8.594759664097480822e+01
8.346822504171080936e+01
8.128421335893195021e+01
7.838194460382729289e+01
7.505346288208555450e+01
7.319249020250192928e+01
6.925314331814185209e+01
6.547646932020991528e+01
6.187737056407641489e+01
5.904838385320172733e+01
5.736827654584917013e+01
5.534869195391074470e+01
5.395115615505635986e+01
5.361023342952999826e+01
5.234672446559054748e+01
5.203101271089002466e+01
5.246146477545023146e+01
5.262931075602288900e+01
5.395557260861271232e+01
5.489636277950010879e+01
5.519712078935570787e+01
5.679860122016712154e+01
5.780190393330151721e+01
5.753313061009939844e+01
5.741267689908782046e+01
5.932036367168364421e+01
5.780547150331712913e+01
5.820493115085032088e+01
5.767919053463904788e+01
5.834288595878874872e+01
5.835088086485162506e+01
5.918702828698089746e+01
5.927009246677938847e+01
5.951644017941099918e+01
6.083178631795173885e+01
5.926228694911353045e+01
5.998035995190293335e+01
6.019073225881701461e+01
6.245760306253982463e+01
