1.521735076904296875e+02
1.624888610839843750e+02
1.630852203369140625e+02
1.632441253662109375e+02
1.598361663818359375e+02
1.584180145263671875e+02
1.588098907470703125e+02
1.611330261230468750e+02
1.630204772949218750e+02
1.637170410156250000e+02
1.638338165283203125e+02
1.637901153564453125e+02
1.633560943603515625e+02
1.631016235351562500e+02
1.634278411865234375e+02
1.631186828613281250e+02
1.620227813720703125e+02
1.616187896728515625e+02
1.612817687988281250e+02
1.607680206298828125e+02
1.591511993408203125e+02
1.586264190673828125e+02
1.584703979492187500e+02
1.580228729248046875e+02
1.593996429443359375e+02
1.603873291015625000e+02
1.606485748291015625e+02
1.614666595458984375e+02
1.620288543701171875e+02
1.622707977294921875e+02
1.633542938232421875e+02
1.624976806640625000e+02
1.611396636962890625e+02
1.608177490234375000e+02
1.609509277343750000e+02
1.617945709228515625e+02
1.608426513671875000e+02
1.601799011230468750e+02
1.608149261474609375e+02
1.612312774658203125e+02
1.603739471435546875e+02
1.599015960693359375e+02
1.586159210205078125e+02
1.573606872558593750e+02
1.570249328613281250e+02
1.565873870849609375e+02
1.564180145263671875e+02
1.532693634033203125e+02
1.529833221435546875e+02
1.532367095947265625e+02
1.519267120361328125e+02
1.522908172607421875e+02
1.527893981933593750e+02
1.539474334716796875e+02
1.544462280273437500e+02
1.540602416992187500e+02
1.511308288574218750e+02
1.471396026611328125e+02
1.429297637939453125e+02
1.376109924316406250e+02
1.344493865966796875e+02
1.323211212158203125e+02
1.286330413818359375e+02
1.253289108276367188e+02
1.200421600341796875e+02
1.157560348510742188e+02
1.124517135620117188e+02
1.116163024902343750e+02
1.107884063720703125e+02
1.133926620483398438e+02
1.138181838989257812e+02
1.180076980590820312e+02
1.212202682495117188e+02
1.263727188110351562e+02
1.316238555908203125e+02
1.343258056640625000e+02
1.367164154052734375e+02
1.383268127441406250e+02
1.406758422851562500e+02
1.432258758544921875e+02
1.445163116455078125e+02
1.484290924072265625e+02
1.516668090820312500e+02
1.535633392333984375e+02
1.527075805664062500e+02
1.508711700439453125e+02
1.495327606201171875e+02
1.487097320556640625e+02
1.473485107421875000e+02
1.487081909179687500e+02
1.461060485839843750e+02
1.477721862792968750e+02
1.513441619873046875e+02
1.531763305664062500e+02
1.521124572753906250e+02
1.495020751953125000e+02
1.498443450927734375e+02
1.502418518066406250e+02
1.499163513183593750e+02
1.513844757080078125e+02
1.503258972167968750e+02
1.480768737792968750e+02
1.430614013671875000e+02
1.438881835937500000e+02
1.455930786132812500e+02
1.472755737304687500e+02
1.443829650878906250e+02
1.411014404296875000e+02
1.405198974609375000e+02
1.431903533935546875e+02
1.485711669921875000e+02
1.515681610107421875e+02
1.535170898437500000e+02
1.545507659912109375e+02
1.550127563476562500e+02
1.568596496582031250e+02
1.578529663085937500e+02
1.582648773193359375e+02
1.590884246826171875e+02
1.605785827636718750e+02
1.617578125000000000e+02
1.618770599365234375e+02
1.615879211425781250e+02
1.617828216552734375e+02
1.615522155761718750e+02
1.608958892822265625e+02
1.604748992919921875e+02
1.603248138427734375e+02
1.601029357910156250e+02
1.582437438964843750e+02
1.537583618164062500e+02
1.497234191894531250e+02
1.458001861572265625e+02
1.378887939453125000e+02
1.336993713378906250e+02
1.281490020751953125e+02
1.241316070556640625e+02
1.193395996093750000e+02
1.142761917114257812e+02
1.102528610229492188e+02
1.108376770019531250e+02
1.114309844970703125e+02
1.120586547851562500e+02
1.126308441162109375e+02
1.107170944213867188e+02
1.129917755126953125e+02
1.180979232788085938e+02
1.202109909057617188e+02
1.200377044677734375e+02
1.247091445922851562e+02
1.320367431640625000e+02
1.405532531738281250e+02
1.495412139892578125e+02
1.549265289306640625e+02
1.568448791503906250e+02
1.572209472656250000e+02
1.581355285644531250e+02
1.592082824707031250e+02
1.592461395263671875e+02
1.584873199462890625e+02
1.582884674072265625e+02
1.582513732910156250e+02
1.555844726562500000e+02
1.550198822021484375e+02
1.549182434082031250e+02
1.536012725830078125e+02
1.543720703125000000e+02
1.545359344482421875e+02
1.553498535156250000e+02
1.539098968505859375e+02
1.541964263916015625e+02
1.539440002441406250e+02
1.551660461425781250e+02
1.585737457275390625e+02
1.569685821533203125e+02
1.550543212890625000e+02
1.631497650146484375e+02
1.675198211669921875e+02
1.702800445556640625e+02
1.705402526855468750e+02
1.679947967529296875e+02
1.659696197509765625e+02
1.659903869628906250e+02
1.677863922119140625e+02
1.676279449462890625e+02
1.672234191894531250e+02
1.679172821044921875e+02
1.685680084228515625e+02
1.691628265380859375e+02
1.700950012207031250e+02
1.696383666992187500e+02
1.684107513427734375e+02
1.667979278564453125e+02
1.655633239746093750e+02
1.643442535400390625e+02
1.634898986816406250e+02
1.608858642578125000e+02
1.554639892578125000e+02
1.489295501708984375e+02
1.417409057617187500e+02
1.367588500976562500e+02
1.321595458984375000e+02
1.172440185546875000e+02
1.116078262329101562e+02
1.091530685424804688e+02
1.074558334350585938e+02
1.063758087158203125e+02
1.063482131958007812e+02
1.054785079956054688e+02
1.087398605346679688e+02
1.134463958740234375e+02
1.184062423706054688e+02
1.261392898559570312e+02
1.364232177734375000e+02
1.450411987304687500e+02
1.512388000488281250e+02
1.558955230712890625e+02
1.607106933593750000e+02
1.632720794677734375e+02
1.650697326660156250e+02
1.665666503906250000e+02
1.671227111816406250e+02
1.680075073242187500e+02
1.692729492187500000e+02
1.692881164550781250e+02
1.682247619628906250e+02
1.671786651611328125e+02
1.646613769531250000e+02
1.636673889160156250e+02
1.627460784912109375e+02
1.626510772705078125e+02
1.610265197753906250e+02
1.598269805908203125e+02
1.583190765380859375e+02
1.584324188232421875e+02
1.543030548095703125e+02
1.506402282714843750e+02
1.508080291748046875e+02
1.515979766845703125e+02
1.518766784667968750e+02
1.585540161132812500e+02
1.649391021728515625e+02
1.649533996582031250e+02
1.678013000488281250e+02
1.705491027832031250e+02
1.713136291503906250e+02
1.725893402099609375e+02
1.707579956054687500e+02
1.701452331542968750e+02
1.706616668701171875e+02
1.707415618896484375e+02
1.713526000976562500e+02
1.718292694091796875e+02
1.708946380615234375e+02
1.700903015136718750e+02
1.690201416015625000e+02
1.671638031005859375e+02
1.654136199951171875e+02
1.637619323730468750e+02
1.614147644042968750e+02
1.586737823486328125e+02
1.537306365966796875e+02
1.487505340576171875e+02
1.393893280029296875e+02
1.274854202270507812e+02
1.183975906372070312e+02
1.130796661376953125e+02
1.095773468017578125e+02
1.086805648803710938e+02
1.106690521240234375e+02
1.135890274047851562e+02
1.139931335449218750e+02
1.123394927978515625e+02
1.133326492309570312e+02
1.145927581787109375e+02
1.210255279541015625e+02
1.244695739746093750e+02
1.290971679687500000e+02
1.345856323242187500e+02
1.405981292724609375e+02
1.457432861328125000e+02
1.514728393554687500e+02
1.564346313476562500e+02
1.598830718994140625e+02
1.621108398437500000e+02
1.631995697021484375e+02
1.638975677490234375e+02
1.654163055419921875e+02
1.649952697753906250e+02
1.648418121337890625e+02
1.641331329345703125e+02
1.623192291259765625e+02
1.606288452148437500e+02
1.590833435058593750e+02
1.587858581542968750e+02
1.581330566406250000e+02
1.581676940917968750e+02
1.586798095703125000e+02
1.589880065917968750e+02
1.581898651123046875e+02
1.578386230468750000e+02
1.591508789062500000e+02
1.590216522216796875e+02
1.588047790527343750e+02
1.584139099121093750e+02
1.595342712402343750e+02
1.603152313232421875e+02
1.614135742187500000e+02
1.629574279785156250e+02
1.634158020019531250e+02
1.627655029296875000e+02
1.637092590332031250e+02
1.642319488525390625e+02
1.654546051025390625e+02
1.661487731933593750e+02
1.656435852050781250e+02
1.652702178955078125e+02
1.645749816894531250e+02
1.637768402099609375e+02
1.624461975097656250e+02
1.609514312744140625e+02
1.594013366699218750e+02
1.578641967773437500e+02
1.562829437255859375e+02
1.538309783935546875e+02
1.499089660644531250e+02
1.452679595947265625e+02
1.396773681640625000e+02
1.350436248779296875e+02
1.325366973876953125e+02
1.293924713134765625e+02
1.250251388549804688e+02
1.215183029174804688e+02
1.189843750000000000e+02
1.178275070190429688e+02
1.181160202026367188e+02
1.193750000000000000e+02
1.216073150634765625e+02
1.239890289306640625e+02
1.300578002929687500e+02
1.367472534179687500e+02
1.427731475830078125e+02
1.467269439697265625e+02
1.501001129150390625e+02
1.524735412597656250e+02
1.543236541748046875e+02
1.563216705322265625e+02
1.576822662353515625e+02
1.585299835205078125e+02
1.597765045166015625e+02
1.606451110839843750e+02
1.612943572998046875e+02
1.610741577148437500e+02
1.613470001220703125e+02
1.612057647705078125e+02
1.611901855468750000e+02
1.608445434570312500e+02
1.603112945556640625e+02
1.603702239990234375e+02
1.610961761474609375e+02
1.616212463378906250e+02
1.615097961425781250e+02
1.615546417236328125e+02
