5.889174270629882812e+01
6.486927032470703125e+01
6.816181182861328125e+01
6.962594604492187500e+01
7.152998352050781250e+01
7.027184295654296875e+01
6.926021575927734375e+01
6.913245391845703125e+01
7.129141235351562500e+01
7.199573516845703125e+01
7.202165985107421875e+01
7.235094451904296875e+01
7.161416625976562500e+01
7.065013885498046875e+01
7.176284027099609375e+01
7.412686920166015625e+01
7.529003143310546875e+01
7.557041168212890625e+01
7.542101287841796875e+01
7.562950897216796875e+01
7.722073364257812500e+01
7.724557495117187500e+01
7.659326934814453125e+01
7.725096893310546875e+01
7.592052459716796875e+01
7.484308624267578125e+01
7.483489227294921875e+01
7.477326202392578125e+01
7.488217163085937500e+01
7.507044219970703125e+01
7.707742309570312500e+01
7.888004302978515625e+01
8.082349395751953125e+01
7.977352142333984375e+01
7.821830749511718750e+01
7.708267211914062500e+01
7.701711273193359375e+01
7.954129791259765625e+01
7.991099548339843750e+01
7.743987274169921875e+01
7.514034271240234375e+01
7.413435363769531250e+01
7.404970550537109375e+01
7.404473114013671875e+01
7.352122497558593750e+01
7.364717102050781250e+01
7.427639007568359375e+01
7.615406036376953125e+01
7.408995819091796875e+01
7.203419494628906250e+01
7.152944946289062500e+01
7.158742523193359375e+01
7.042892456054687500e+01
6.742386627197265625e+01
6.563305664062500000e+01
6.402834320068359375e+01
6.386986160278320312e+01
6.458882141113281250e+01
6.358648681640625000e+01
6.444619750976562500e+01
6.448149108886718750e+01
6.391778564453125000e+01
6.383759307861328125e+01
6.482696533203125000e+01
6.611437988281250000e+01
6.729541015625000000e+01
6.622324371337890625e+01
6.597203826904296875e+01
6.556835174560546875e+01
6.571456146240234375e+01
6.730830383300781250e+01
7.100429534912109375e+01
7.401692962646484375e+01
7.710736846923828125e+01
8.144313812255859375e+01
8.536801910400390625e+01
8.865314483642578125e+01
8.897570037841796875e+01
8.807083892822265625e+01
8.812551879882812500e+01
9.086283874511718750e+01
9.296698760986328125e+01
9.530603027343750000e+01
9.634116363525390625e+01
9.928868865966796875e+01
1.000330352783203125e+02
1.007475585937500000e+02
9.899990081787109375e+01
9.612966918945312500e+01
9.363268280029296875e+01
8.918396759033203125e+01
8.824831390380859375e+01
8.624430847167968750e+01
8.450286102294921875e+01
8.168470001220703125e+01
7.835005950927734375e+01
8.084399414062500000e+01
7.935246276855468750e+01
7.773362731933593750e+01
7.522049713134765625e+01
7.196807861328125000e+01
7.168666076660156250e+01
7.027537536621093750e+01
6.871164703369140625e+01
6.723305511474609375e+01
6.490040588378906250e+01
6.472631072998046875e+01
6.365793228149414062e+01
6.285189056396484375e+01
6.169315338134765625e+01
6.272056961059570312e+01
6.265117645263671875e+01
6.247264862060546875e+01
6.300687789916992188e+01
6.416785430908203125e+01
6.745117950439453125e+01
6.704326629638671875e+01
6.540905761718750000e+01
6.127827835083007812e+01
6.020782089233398438e+01
5.841607284545898438e+01
5.478757858276367188e+01
5.048841476440429688e+01
4.911026763916015625e+01
4.815009307861328125e+01
4.688855743408203125e+01
4.658865356445312500e+01
4.657699584960937500e+01
4.673933029174804688e+01
4.757545852661132812e+01
4.913791656494140625e+01
5.038560485839843750e+01
5.231822204589843750e+01
5.594768905639648438e+01
6.029168319702148438e+01
6.653783416748046875e+01
7.303426361083984375e+01
8.244445800781250000e+01
8.824608612060546875e+01
9.218893432617187500e+01
8.815356445312500000e+01
8.642156982421875000e+01
7.995166778564453125e+01
7.027072143554687500e+01
6.999550628662109375e+01
6.512270355224609375e+01
6.125798034667968750e+01
6.272761154174804688e+01
6.452072906494140625e+01
6.587875366210937500e+01
7.187361145019531250e+01
7.795558929443359375e+01
8.643489837646484375e+01
9.167633819580078125e+01
9.614833068847656250e+01
1.001699066162109375e+02
1.023097534179687500e+02
1.032649993896484375e+02
1.015236129760742188e+02
9.825421142578125000e+01
9.451441192626953125e+01
9.309297943115234375e+01
9.317243957519531250e+01
8.957647705078125000e+01
8.485661315917968750e+01
8.156421661376953125e+01
7.978656005859375000e+01
7.743817138671875000e+01
7.530084991455078125e+01
7.178685760498046875e+01
7.148876190185546875e+01
6.905592346191406250e+01
6.568426513671875000e+01
6.670227050781250000e+01
6.677639770507812500e+01
6.570938110351562500e+01
6.874514770507812500e+01
6.813162994384765625e+01
7.086834716796875000e+01
6.963694763183593750e+01
6.589680480957031250e+01
5.983648681640625000e+01
5.989898300170898438e+01
5.877249526977539062e+01
5.361543273925781250e+01
5.070523834228515625e+01
4.958299255371093750e+01
4.834554672241210938e+01
4.567210388183593750e+01
4.440476608276367188e+01
4.335385513305664062e+01
4.273618316650390625e+01
4.217664337158203125e+01
4.198225402832031250e+01
4.162378692626953125e+01
4.110976409912109375e+01
4.273160552978515625e+01
4.704226303100585938e+01
5.082830429077148438e+01
5.789593505859375000e+01
6.827971649169921875e+01
7.725188446044921875e+01
9.318962097167968750e+01
9.915885162353515625e+01
9.672320556640625000e+01
9.115952301025390625e+01
9.174511718750000000e+01
8.481002807617187500e+01
8.904797363281250000e+01
7.886222839355468750e+01
6.984335327148437500e+01
6.673922729492187500e+01
6.772965240478515625e+01
6.859394073486328125e+01
7.240293884277343750e+01
7.814231872558593750e+01
8.377423858642578125e+01
9.234626007080078125e+01
9.617588806152343750e+01
9.919821929931640625e+01
1.011525115966796875e+02
1.018087081909179688e+02
1.001946258544921875e+02
1.001562347412109375e+02
9.919567108154296875e+01
9.738106536865234375e+01
9.586749267578125000e+01
9.304262542724609375e+01
8.968716430664062500e+01
8.549375915527343750e+01
8.251191711425781250e+01
7.886593627929687500e+01
7.715354919433593750e+01
7.444054412841796875e+01
7.335659027099609375e+01
6.981881713867187500e+01
6.891999816894531250e+01
7.059030914306640625e+01
6.778837585449218750e+01
6.395341873168945312e+01
6.381568527221679688e+01
6.582092285156250000e+01
6.519007110595703125e+01
6.278298950195312500e+01
6.103742599487304688e+01
6.118766021728515625e+01
6.161622238159179688e+01
6.057876586914062500e+01
5.784969711303710938e+01
5.528588485717773438e+01
5.253716659545898438e+01
5.258628845214843750e+01
5.468149948120117188e+01
5.304209518432617188e+01
5.154639816284179688e+01
4.962487030029296875e+01
4.682596588134765625e+01
4.583456802368164062e+01
4.469548416137695312e+01
4.484259414672851562e+01
4.548906326293945312e+01
4.868869781494140625e+01
5.503462219238281250e+01
6.585591888427734375e+01
8.597782135009765625e+01
1.037741088867187500e+02
1.136603012084960938e+02
1.182924423217773438e+02
1.193599395751953125e+02
1.139783630371093750e+02
1.054584426879882812e+02
1.086542663574218750e+02
1.054419174194335938e+02
7.707898712158203125e+01
6.521190643310546875e+01
5.999187469482421875e+01
6.171401596069335938e+01
6.287500762939453125e+01
6.598371124267578125e+01
7.259871673583984375e+01
8.027256011962890625e+01
8.836492919921875000e+01
9.340017700195312500e+01
9.537768554687500000e+01
9.811840820312500000e+01
9.932520294189453125e+01
9.701067352294921875e+01
9.636920166015625000e+01
9.539896392822265625e+01
9.524911499023437500e+01
9.210045623779296875e+01
8.719599914550781250e+01
8.327017211914062500e+01
7.983644104003906250e+01
7.798482513427734375e+01
7.581151580810546875e+01
7.396164703369140625e+01
7.330674743652343750e+01
7.399028778076171875e+01
7.218963623046875000e+01
7.011616516113281250e+01
7.064745330810546875e+01
6.850778961181640625e+01
6.660585021972656250e+01
6.507456970214843750e+01
6.433972930908203125e+01
6.320302200317382812e+01
6.278974914550781250e+01
6.209610748291015625e+01
6.339402770996093750e+01
6.401479339599609375e+01
6.568395996093750000e+01
6.770226287841796875e+01
6.918444824218750000e+01
6.873044586181640625e+01
6.635346984863281250e+01
6.374675369262695312e+01
6.167403411865234375e+01
6.024479293823242188e+01
5.954163742065429688e+01
6.014936828613281250e+01
6.075115585327148438e+01
6.003515625000000000e+01
5.835689926147460938e+01
5.620838928222656250e+01
5.516440200805664062e+01
5.663687515258789062e+01
6.035863113403320312e+01
6.826300048828125000e+01
7.747959899902343750e+01
8.592929077148437500e+01
9.746961975097656250e+01
1.063513946533203125e+02
1.111060409545898438e+02
1.116601028442382812e+02
1.023267593383789062e+02
9.560558319091796875e+01
8.712564849853515625e+01
7.669261932373046875e+01
6.781460571289062500e+01
6.477882385253906250e+01
6.470294189453125000e+01
6.408570861816406250e+01
6.640005493164062500e+01
6.989111328125000000e+01
7.318683624267578125e+01
7.542760467529296875e+01
7.650632476806640625e+01
7.653825378417968750e+01
7.680901336669921875e+01
7.517784118652343750e+01
7.331196594238281250e+01
7.240952301025390625e+01
7.179048156738281250e+01
7.104016876220703125e+01
7.183165740966796875e+01
7.251188659667968750e+01
7.237896728515625000e+01
7.228411865234375000e+01
7.211508178710937500e+01
7.160640716552734375e+01
7.094416046142578125e+01
7.089266967773437500e+01
