9.501759338378906250e+01
9.931169128417968750e+01
9.456756591796875000e+01
9.212854766845703125e+01
8.414427947998046875e+01
8.308547210693359375e+01
8.492839813232421875e+01
8.839840698242187500e+01
8.885881805419921875e+01
8.920277404785156250e+01
8.919567871093750000e+01
8.924880981445312500e+01
8.948877716064453125e+01
9.011923980712890625e+01
8.955622100830078125e+01
8.682924652099609375e+01
8.406329345703125000e+01
8.317864227294921875e+01
8.293344879150390625e+01
8.204439544677734375e+01
7.835675048828125000e+01
7.756748199462890625e+01
7.794202423095703125e+01
7.662642669677734375e+01
8.023559570312500000e+01
8.278842163085937500e+01
8.309060668945312500e+01
8.450324249267578125e+01
8.551589202880859375e+01
8.570734405517578125e+01
8.498029327392578125e+01
8.172119903564453125e+01
7.783597564697265625e+01
7.834452819824218750e+01
7.984378814697265625e+01
8.204807281494140625e+01
8.074065399169921875e+01
7.755380249023437500e+01
7.816639709472656250e+01
8.093140411376953125e+01
8.174645233154296875e+01
8.213092041015625000e+01
8.029328155517578125e+01
7.803804016113281250e+01
7.793277740478515625e+01
7.694438171386718750e+01
7.607421875000000000e+01
6.989217376708984375e+01
7.160274505615234375e+01
7.429549407958984375e+01
7.281562805175781250e+01
7.384181976318359375e+01
7.647817230224609375e+01
8.186070251464843750e+01
8.512252807617187500e+01
8.678700256347656250e+01
8.347285461425781250e+01
7.793756103515625000e+01
7.368955993652343750e+01
6.654547882080078125e+01
6.313457489013671875e+01
6.135057067871093750e+01
5.903915786743164062e+01
5.684735870361328125e+01
4.914391708374023438e+01
4.308127212524414062e+01
3.759106826782226562e+01
3.579099655151367188e+01
3.568497085571289062e+01
3.725656127929687500e+01
3.542279434204101562e+01
3.454859542846679688e+01
3.256989669799804688e+01
3.433263778686523438e+01
3.587052536010742188e+01
3.597599029541015625e+01
3.530276870727539062e+01
3.563441467285156250e+01
3.793117523193359375e+01
3.993803024291992188e+01
3.862047576904296875e+01
4.130393218994140625e+01
4.300984954833984375e+01
4.499671936035156250e+01
4.099544143676757812e+01
3.833132171630859375e+01
3.634009552001953125e+01
3.734101867675781250e+01
3.761741256713867188e+01
4.121578216552734375e+01
4.283092880249023438e+01
4.701311492919921875e+01
5.370336151123046875e+01
5.687958526611328125e+01
5.765676498413085938e+01
5.779366302490234375e+01
5.689690017700195312e+01
5.868314743041992188e+01
5.919900894165039062e+01
6.387503814697265625e+01
6.530143737792968750e+01
6.328730010986328125e+01
5.748096084594726562e+01
5.882933425903320312e+01
6.222996520996093750e+01
6.654511260986328125e+01
6.405464172363281250e+01
6.257796478271484375e+01
6.269586563110351562e+01
6.560774993896484375e+01
7.185893249511718750e+01
7.588433837890625000e+01
7.910700225830078125e+01
8.020152282714843750e+01
7.976504516601562500e+01
8.025068664550781250e+01
8.238549804687500000e+01
8.534677124023437500e+01
9.249534606933593750e+01
9.823555755615234375e+01
1.028193664550781250e+02
1.059833374023437500e+02
1.086645584106445312e+02
1.109142532348632812e+02
1.125977859497070312e+02
1.141526641845703125e+02
1.158858184814453125e+02
1.175071029663085938e+02
1.184235153198242188e+02
1.180529022216796875e+02
1.151890716552734375e+02
1.125231094360351562e+02
1.089098892211914062e+02
1.010883331298828125e+02
9.638608551025390625e+01
8.992255401611328125e+01
8.576242065429687500e+01
7.973056793212890625e+01
7.287946319580078125e+01
6.545546722412109375e+01
6.379882812500000000e+01
6.129864501953125000e+01
5.860027313232421875e+01
5.614916610717773438e+01
5.217827987670898438e+01
5.125756454467773438e+01
5.016316604614257812e+01
4.769383239746093750e+01
4.437010574340820312e+01
4.489138412475585938e+01
4.568777465820312500e+01
4.932172393798828125e+01
5.037112045288085938e+01
4.947085189819335938e+01
4.700368881225585938e+01
4.418605041503906250e+01
4.334014511108398438e+01
4.370528030395507812e+01
4.541269302368164062e+01
4.753120803833007812e+01
5.048352432250976562e+01
5.200207138061523438e+01
5.080709075927734375e+01
5.391583633422851562e+01
5.811204528808593750e+01
6.007300186157226562e+01
6.279315948486328125e+01
6.548082733154296875e+01
6.913763427734375000e+01
7.051917266845703125e+01
7.027136993408203125e+01
7.054940032958984375e+01
7.527951049804687500e+01
8.159698486328125000e+01
8.438367462158203125e+01
8.379380035400390625e+01
8.695296478271484375e+01
9.149684906005859375e+01
9.449006652832031250e+01
9.524495697021484375e+01
9.613953399658203125e+01
9.750347137451171875e+01
9.855379486083984375e+01
1.021888656616210938e+02
1.053840560913085938e+02
1.082914581298828125e+02
1.106311111450195312e+02
1.128901138305664062e+02
1.158886795043945312e+02
1.185982284545898438e+02
1.197611846923828125e+02
1.203992385864257812e+02
1.223188781738281250e+02
1.237106399536132812e+02
1.248318252563476562e+02
1.259104919433593750e+02
1.254429092407226562e+02
1.229673843383789062e+02
1.178186264038085938e+02
1.120139694213867188e+02
1.069907989501953125e+02
9.948551177978515625e+01
7.984368133544921875e+01
7.052148437500000000e+01
6.488385009765625000e+01
6.008358764648437500e+01
5.566126632690429688e+01
5.156324005126953125e+01
4.797937774658203125e+01
4.702459716796875000e+01
4.649197769165039062e+01
4.841065979003906250e+01
4.926475906372070312e+01
5.283827972412109375e+01
5.693650817871093750e+01
5.936421203613281250e+01
5.887789535522460938e+01
5.589414978027343750e+01
5.327785110473632812e+01
5.184516525268554688e+01
5.022566604614257812e+01
4.964619064331054688e+01
5.148593902587890625e+01
5.344973754882812500e+01
5.463483810424804688e+01
5.540065765380859375e+01
5.587913131713867188e+01
5.652004241943359375e+01
5.850382232666015625e+01
6.093554306030273438e+01
6.369495773315429688e+01
6.484114837646484375e+01
6.484517669677734375e+01
6.444380187988281250e+01
6.563142395019531250e+01
6.360294723510742188e+01
6.320051956176757812e+01
6.317582702636718750e+01
6.516052246093750000e+01
6.852149200439453125e+01
7.636546325683593750e+01
8.611644744873046875e+01
8.991525268554687500e+01
9.302944946289062500e+01
9.412358856201171875e+01
9.354499053955078125e+01
9.647164916992187500e+01
9.749716186523437500e+01
9.936782836914062500e+01
1.016714859008789062e+02
1.037209167480468750e+02
1.057504043579101562e+02
1.088283004760742188e+02
1.068785552978515625e+02
1.050504837036132812e+02
1.057843017578125000e+02
1.079634704589843750e+02
1.120223541259765625e+02
1.130134582519531250e+02
1.135383911132812500e+02
1.136272430419921875e+02
1.113508758544921875e+02
1.091238861083984375e+02
1.025759353637695312e+02
9.124320220947265625e+01
8.139991760253906250e+01
7.449021911621093750e+01
6.966331481933593750e+01
6.792820739746093750e+01
6.762152862548828125e+01
6.462264251708984375e+01
5.982548904418945312e+01
5.402258300781250000e+01
4.933061599731445312e+01
4.543307495117187500e+01
4.368910217285156250e+01
4.142190170288085938e+01
4.100942230224609375e+01
4.175118637084960938e+01
4.344736480712890625e+01
4.459973907470703125e+01
4.492230224609375000e+01
4.547204971313476562e+01
4.579765319824218750e+01
4.647859191894531250e+01
4.772875595092773438e+01
4.812936019897460938e+01
5.044359207153320312e+01
5.254440307617187500e+01
5.481855773925781250e+01
5.576046371459960938e+01
5.708539581298828125e+01
5.765748596191406250e+01
5.749113082885742188e+01
5.734551239013671875e+01
5.622867202758789062e+01
5.552724838256835938e+01
5.464703750610351562e+01
5.461262512207031250e+01
5.567803955078125000e+01
5.736271286010742188e+01
5.921854782104492188e+01
5.975322723388671875e+01
6.080379867553710938e+01
6.269433975219726562e+01
6.514859771728515625e+01
6.687593078613281250e+01
6.811019134521484375e+01
7.008980560302734375e+01
6.973667144775390625e+01
7.049421691894531250e+01
7.318445587158203125e+01
7.510786437988281250e+01
7.490248107910156250e+01
7.639801788330078125e+01
7.787332153320312500e+01
7.914371490478515625e+01
8.138435363769531250e+01
8.249983215332031250e+01
8.352475738525390625e+01
8.483803558349609375e+01
8.617901611328125000e+01
8.735934448242187500e+01
8.809062957763671875e+01
8.693179321289062500e+01
8.492690277099609375e+01
8.278510284423828125e+01
8.013980865478515625e+01
7.703477478027343750e+01
7.467768096923828125e+01
7.129969787597656250e+01
6.763484954833984375e+01
6.397284698486328125e+01
6.079695892333984375e+01
5.852979660034179688e+01
5.639661788940429688e+01
5.470616912841796875e+01
5.384955215454101562e+01
5.273131179809570312e+01
5.210936737060546875e+01
5.214624786376953125e+01
5.226952362060546875e+01
5.315419006347656250e+01
5.408697891235351562e+01
5.463542556762695312e+01
5.585490417480468750e+01
5.695417785644531250e+01
5.720733642578125000e+01
5.723055648803710938e+01
5.844133377075195312e+01
5.795303726196289062e+01
5.801980209350585938e+01
5.771667480468750000e+01
5.802030181884765625e+01
5.814320755004882812e+01
5.871783065795898438e+01
5.899123001098632812e+01
5.925219726562500000e+01
6.018058013916015625e+01
5.954947280883789062e+01
5.976147079467773438e+01
5.997610855102539062e+01
6.148492431640625000e+01
